,Satellite Name,In-License Launch Number,Administration,Longitude,Date of Receipt,Launch Offset (days),Launch Country Match,Launch Spaceport Match,Launch Vehicle Match,Satellite Manufacturer Match,Match Sum
162,NSS-G2-11,1,HOL,-22.0,05.11.2015,0,1,1,1,1,4
963,UKDSAT-B1,1,G,31.0,11.02.2022,1,1,1,1,1,4
1031,UKMMSAT-B1,1,G,31.0,11.02.2022,2,1,1,1,1,4
349,UKJKSAT-1,3,G,31.0,11.02.2022,16,1,1,1,1,4
662,UKMMSAT-B1-TTC-C,1,G,31.0,16.10.2013,16,1,1,1,1,4
449,USASAT-60R,1,USA,72.0,13.02.2019,27,1,1,1,1,4
1008,YAHSAT-KA-47.5E,1,UAE,47.5,25.09.2013,46,1,1,1,1,4
1186,USASAT-28N,1,USA,-116.15,25.10.2011,46,1,1,1,1,4
1415,MADAR-47.5E,1,UAE,47.5,16.04.2019,46,1,1,1,1,4
102,CAN-BSS31,1,CAN,-91.0,19.09.2014,94,1,1,1,1,4
1,INTELSAT8 157E,1,USA,157.0,11.11.2011,95,1,1,1,1,4
2,INTELSAT8 157E,2,USA,157.0,11.11.2011,95,1,1,1,1,4
919,INTELSAT5A 157E,2,USA,157.0,11.11.2011,95,1,1,1,1,4
1487,INTELSAT6 157E,1,USA,157.0,11.11.2011,95,1,1,1,1,4
1507,INTELSAT7 157E,1,USA,157.0,11.11.2011,95,1,1,1,1,4
1508,INTELSAT7 157E,2,USA,157.0,11.11.2011,95,1,1,1,1,4
221,NSS-G2-1,1,HOL,-177.0,23.10.2015,114,1,1,1,1,4
702,IOMSAT-11A,1,G,-115.0,10.01.2012,118,1,1,1,1,4
902,USASAT-55R,1,USA,180.0,21.12.2017,135,1,1,1,1,4
1553,UKSAT-14,1,G,-107.0,19.05.2014,142,1,1,1,1,4
667,CAN-BSS9,1,CAN,-86.5,17.05.2012,146,1,1,1,1,4
25,LUX-G6-2-E,1,LUX,5.0,26.02.2016,147,1,1,1,1,4
791,USASAT-71N,1,USA,68.5,06.10.2014,170,1,1,1,1,4
1497,CAN-BSS19,1,CAN,-103.0,07.08.2012,214,1,1,1,1,4
1007,USASAT-55T,1,USA,-53.0,03.04.2019,237,1,1,1,1,4
1228,IRIS-8A,1,USA,-177.0,17.12.2012,272,1,1,1,1,4
512,MEXSAT113 L-CEXT-X,2,MEX,-113.0,23.04.2015,275,1,1,1,1,4
1160,MEXSAT114.9 L-CEXT-X,1,MEX,-114.9,23.07.2012,275,1,1,1,1,4
1290,MEXSAT 114.9 KU EXT,1,MEX,-114.9,23.07.2012,275,1,1,1,1,4
565,LUX-G6-8,2,LUX,28.2,28.11.2014,290,1,1,1,1,4
589,EMARSAT-5G,1,UAE,52.5,15.01.2012,319,1,1,1,1,4
796,YAHSAT,1,UAE,52.5,15.01.2012,319,1,1,1,1,4
1659,MADAR-52.5E,1,UAE,52.5,13.07.2020,319,1,1,1,1,4
1103,USGAE-7M,1,USA,-68.0,19.11.2013,379,1,1,1,1,4
84,CAN-BSS36,1,CAN,-107.3,14.08.2014,427,1,1,1,1,4
587,CANSAT(107.3W)-XKA,1,CAN,-107.3,26.10.2015,427,1,1,1,1,4
1243,INMARSAT-XL1,1,G,25.0,22.11.2013,427,1,1,1,1,4
1388,INMARSAT-4A 25E,1,G,25.0,22.11.2013,427,1,1,1,1,4
1596,CANSAT-50,1,CAN,-107.3,13.08.2014,427,1,1,1,1,4
348,UKJKSAT-1,2,G,31.0,11.02.2022,445,1,1,1,1,4
1380,LUX-G6-51,1,LUX,-40.5,09.12.2014,457,1,1,1,1,4
63,USASAT-55Q,1,USA,66.0,21.12.2017,458,1,1,1,1,4
276,USASAT-28K,1,USA,-85.2,23.11.2010,494,1,1,1,1,4
243,USGOVSAT-6R,1,USA,-52.5,12.12.2014,495,1,1,1,1,4
501,MSV-1A,1,USA,-101.0,01.06.2010,516,1,1,1,1,4
169,NSS-G2-18,1,HOL,95.0,23.10.2015,533,1,1,1,1,4
170,NSS-G2-18,2,HOL,95.0,23.10.2015,533,1,1,1,1,4
1347,NSS-G4-26,1,HOL,95.0,25.06.2019,533,1,1,1,1,4
638,USNN-3,1,USA,-127.0,17.12.2012,553,1,1,1,1,4
1094,USGOVSAT-3R,1,USA,-135.0,11.02.2015,556,1,1,1,1,4
1203,IRIS-2A,1,USA,-100.0,24.06.2014,556,1,1,1,1,4
74,UKMMSAT-A2,1,G,-33.5,11.02.2022,578,1,1,1,1,4
87,UKDIGISAT-3,1,G,-33.5,11.02.2022,578,1,1,1,1,4
118,UKDSAT-G,1,G,159.0,07.07.2021,578,1,1,1,1,4
124,UKDSAT-A2,1,G,-33.5,11.02.2022,578,1,1,1,1,4
358,UK-KA-7R,1,G,-79.0,01.11.2019,578,1,1,1,1,4
1105,UK-KA-7,1,G,-79.0,01.11.2019,578,1,1,1,1,4
1221,MONASAT-52EA,1,MCO,52.0,22.11.2022,578,1,1,1,1,4
1466,MADAR-160E,1,UAE,160.0,06.07.2020,578,1,1,1,1,4
403,LUX-G6-9,1,LUX,31.5,28.11.2014,579,1,1,1,1,4
564,LUX-G6-8,1,LUX,28.2,28.11.2014,579,1,1,1,1,4
1382,LUX-G7-9-E2,1,LUX,31.5,14.12.2017,579,1,1,1,1,4
1468,USGOVSAT-8,1,USA,-12.0,19.01.2011,623,1,1,1,1,4
1335,INMARSAT-KA 63E,1,G,63.0,13.12.2016,663,1,1,1,1,4
1421,YAHSAT-63E,1,UAE,63.0,03.06.2014,663,1,1,1,1,4
533,USABSN-13A,1,USA,-99.0,22.10.2015,731,1,1,1,1,4
534,USABSN-13A,2,USA,-99.0,22.10.2015,731,1,1,1,1,4
178,USASAT-55Y,1,USA,-76.0,17.06.2020,732,1,1,1,1,4
878,LUX-G7-7,2,LUX,23.5,18.08.2016,759,1,1,1,1,4
1642,UKSAT-KU-4,1,G,-76.0,27.08.2014,760,1,1,1,1,4
958,USASAT-55N,1,USA,85.0,29.09.2016,807,1,1,1,1,4
605,USASAT-60T,1,USA,-45.0,06.11.2019,823,1,1,1,1,4
647,USNN-4,1,USA,100.0,17.12.2012,830,1,1,1,1,4
373,LUX-G11-8,1,LUX,28.2,17.11.2022,868,1,1,1,1,4
531,LUX-G6-6,1,LUX,21.5,07.01.2015,868,1,1,1,1,4
1026,LUX-G7-6,1,LUX,21.5,07.01.2015,868,1,1,1,1,4
80,NSS-G2-17,1,HOL,57.0,23.10.2015,897,1,1,1,1,4
179,CANSAT-24,1,CAN,-111.1,14.12.2010,958,1,1,1,1,4
445,USGOVSAT-10,1,USA,60.0,28.05.2010,973,1,1,1,1,4
979,LUX-G7-20,1,LUX,108.2,01.08.2016,1004,1,1,1,1,4
1111,USASAT-28O,1,USA,-86.15,10.09.2018,1004,1,1,1,1,4
1146,GIBSAT-108.2E,1,G,108.2,11.01.2019,1004,1,1,1,1,4
1282,LUX-G5-25,2,LUX,108.2,30.04.2013,1004,1,1,1,1,4
1575,AM-SAT-108.2E-G,2,G,108.2,17.04.2013,1004,1,1,1,1,4
1101,USABSN-12A,1,USA,-103.0,28.07.2015,1005,1,1,1,1,4
1438,USASAT-26A,1,USA,-37.5,22.06.2009,1053,1,1,1,1,4
113,INMARSAT-KA 55W,1,G,-55.0,29.04.2016,1083,1,1,1,1,4
485,YAHSAT-N-20W,1,UAE,-20.0,25.05.2015,1083,1,1,1,1,4
150,USASAT-55W,1,USA,-79.0,05.12.2019,1156,1,1,1,1,4
1276,USABSN-25,1,USA,-79.0,03.12.2021,1156,1,1,1,1,4
999,P92-7,1,USA,-30.4,26.10.2015,1158,1,1,1,1,4
1181,USGAE-12M,1,USA,111.0,29.02.2016,1166,1,1,1,1,4
511,MEXSAT113 L-CEXT-X,1,MEX,-113.0,23.04.2015,1170,1,1,1,1,4
223,NSS-G2-1,3,HOL,-177.0,23.10.2015,1171,1,1,1,1,4
108,LUX-G3-4,2,LUX,31.0,02.06.2010,1176,1,1,1,1,4
560,USASAT-60H,1,USA,-123.0,09.09.2011,1238,1,1,1,1,4
779,CANSAT-31,1,CAN,-82.0,26.01.2011,1246,1,1,1,1,4
888,USASAT-55U,1,USA,-55.5,26.08.2019,1274,1,1,1,1,4
800,INMARSAT-4A 98W,1,G,-98.0,17.06.2014,1275,1,1,1,1,4
819,INMARSAT-6-98W,1,G,-98.0,25.06.2021,1275,1,1,1,1,4
836,INMARSAT-4 98W,1,G,-98.0,17.02.2010,1275,1,1,1,1,4
367,AM-SAT 125W,1,G,-125.0,28.07.2008,1282,1,1,1,1,4
815,INMARSAT-KA 180E,1,G,180.0,25.11.2016,1291,1,1,1,1,4
530,USGAE-6M,1,USA,-120.0,29.02.2016,1295,1,1,1,1,4
203,IRIS-4A,1,USA,-15.5,08.10.2015,1296,1,1,1,1,4
45,USGAE-23M,1,USA,19.0,29.02.2016,1337,1,1,1,1,4
83,P-197-7,1,USA,92.0,10.09.2015,1340,1,1,1,1,4
907,SKYNET-5E,1,G,-17.8,23.01.2014,1342,1,1,1,1,4
181,ESAT-5,1,G,33.0,05.04.2016,1356,1,1,1,1,4
1412,USASAT-60P,1,USA,-31.5,28.03.2017,1368,1,1,1,1,4
600,USASAT-66D,1,USA,-15.0,30.04.2021,1370,1,1,1,1,4
817,IOMSAT-2A2,1,G,-15.0,17.08.2017,1370,1,1,1,1,4
1461,USGOVSAT-12,1,USA,175.0,13.05.2010,1399,1,1,1,1,4
1098,ICO-G,1,G,-93.0,03.04.2009,1401,1,1,1,1,4
882,USGOVSAT-11R,1,USA,150.0,28.04.2016,1423,1,1,1,1,4
1220,IOMSAT-R1,1,G,154.0,12.04.2017,1491,1,1,1,1,4
980,LUX-G7-20,2,LUX,108.2,01.08.2016,1523,1,1,1,1,4
1147,GIBSAT-108.2E,2,G,108.2,11.01.2019,1523,1,1,1,1,4
3,LUX-G3-2,1,LUX,5.0,02.06.2010,1549,1,1,1,1,4
1159,ESAT 1,1,G,25.0,13.06.2013,1553,1,1,1,1,4
369,USGOVSAT-20R,1,USA,134.0,14.09.2016,1563,1,1,1,1,4
461,USASAT-60U,1,USA,-95.0,29.05.2020,1578,1,1,1,1,4
910,USASAT-50D,1,USA,-43.0,15.12.2010,1593,1,1,1,1,4
1062,USASAT-55F,2,USA,-43.0,15.10.2009,1593,1,1,1,1,4
1303,IRIS-6A,1,USA,75.0,12.10.2016,1595,1,1,1,1,4
613,USASAT-60S,1,USA,-43.0,06.11.2019,1597,1,1,1,1,4
873,P92-8,1,USA,92.0,23.09.2014,1636,1,1,1,1,4
1298,USASAT-80B,1,USA,60.0,23.08.2022,1641,1,1,1,1,4
644,UKSAT-10,1,G,-95.0,09.06.2010,1643,1,1,1,1,4
1011,USASAT-70O,1,USA,-95.0,08.05.2012,1643,1,1,1,1,4
1254,YAHSAT-G5-43W,1,UAE,-43.0,21.12.2016,1644,1,1,1,1,4
414,USGOVSAT-1R,1,USA,180.0,23.01.2017,1741,1,1,1,1,4
1436,USASAT-60E,1,USA,-91.0,19.08.2011,1747,1,1,1,1,4
339,LUX-G3-19.2E,2,LUX,19.2,02.06.2010,1764,1,1,1,1,4
1435,LUX-G6-5,1,LUX,19.2,28.11.2014,1764,1,1,1,1,4
444,USGAE-16R,1,USA,30.0,04.11.2009,1775,1,1,1,1,4
591,USGAE-9R,1,USA,152.0,16.09.2009,1775,1,1,1,1,4
1213,USGAE-17R,1,USA,-39.0,28.10.2009,1775,1,1,1,1,4
1407,USGAE-10R,1,USA,-150.0,28.10.2009,1775,1,1,1,1,4
321,USGOVSAT-5R,1,USA,-112.0,10.04.2017,1780,1,1,1,1,4
601,HMG-SAT-01A,1,G,95.0,05.04.2022,1795,1,1,1,1,4
1020,SKYNET-5C,1,G,6.0,24.10.2014,1796,1,1,1,1,4
614,USASAT-60S,2,USA,-43.0,06.11.2019,1821,1,1,1,1,4
1080,USASAT-55E-1,1,USA,-43.0,08.11.2019,1821,1,1,1,1,4
1216,UK-KA-1,1,G,-70.0,18.07.2017,1827,1,1,1,1,4
632,USGOVSAT-13R,1,USA,-121.9,10.04.2017,1839,1,1,1,1,4
88,UKDIGISAT-3,2,G,-33.5,11.02.2022,1854,1,1,1,1,4
125,UKDSAT-A2,2,G,-33.5,11.02.2022,1854,1,1,1,1,4
75,UKMMSAT-A2,2,G,-33.5,11.02.2022,1858,1,1,1,1,4
1045,UKMMSAT-B,1,G,-33.5,30.10.2020,1858,1,1,1,1,4
852,LUX-G8-47,1,LUX,-67.0,06.03.2018,1869,1,1,1,1,4
1545,USGOVSAT-16R,1,USA,24.0,04.05.2017,1872,1,1,1,1,4
1102,EMARSAT-7S,1,UAE,98.5,16.10.2014,1885,1,1,1,1,4
1177,EMARSAT-4S,1,UAE,98.5,17.10.2006,1885,1,1,1,1,4
340,LUX-G9-38,1,LUX,-129.0,12.12.2017,1920,1,1,1,1,4
1097,GIBSAT-129W-B,1,G,-129.0,21.12.2017,1920,1,1,1,1,4
1219,INMARSAT-KA 83.5E,1,G,83.5,12.05.2017,1927,1,1,1,1,4
1202,USASAT-28G,1,USA,-115.0,05.03.2009,1933,1,1,1,1,4
1081,INMARSAT-S4-R,1,G,39.0,26.11.2019,1940,1,1,1,1,4
787,USNN-5,1,USA,170.0,23.10.2017,1989,1,1,1,1,4
1029,CANSAT-18,1,CAN,-118.7,08.07.2004,1993,1,1,1,1,4
1478,ANIK-F3R,1,CAN,-118.7,23.06.2017,1993,1,1,1,1,4
13,USOBO-5A,1,USA,20.6,13.12.2017,2019,1,1,1,1,4
1348,UKNETSAT-18W,1,G,-18.0,22.07.2020,2020,1,1,1,1,4
421,USASAT-60G,1,USA,-99.0,09.09.2011,2067,1,1,1,1,4
1206,USGOVSAT-9A,1,USA,57.0,21.08.2018,2078,1,1,1,1,4
1127,IRIS-1A,1,USA,-105.0,05.03.2018,2082,1,1,1,1,4
207,GOES-EAST-4,1,USA,-75.0,09.07.2018,2094,1,1,1,1,4
784,USOBO-1A,1,USA,-159.4,05.04.2018,2149,1,1,1,1,4
317,GOES-EAST-2,1,USA,-75.0,16.08.2011,2153,1,1,1,1,4
513,USASAT-60A,1,USA,172.0,03.12.2010,2234,1,1,1,1,4
229,IOMSAT-KA-138E,1,G,138.0,20.12.2018,2261,1,1,1,1,4
278,INMARSAT-4B 64E,1,G,64.0,25.06.2021,2289,1,1,1,1,4
1462,INMARSAT-4 25E,1,G,25.0,17.02.2010,2289,1,1,1,1,4
566,LM-RPS-107.3W,1,USA,-107.3,16.05.2007,2349,1,1,1,1,4
314,IOMSAT-KA-63W-R,1,G,-63.0,22.11.2018,2350,1,1,1,1,4
893,USASAT-50C,1,USA,-125.0,19.08.2011,2374,1,1,1,1,4
829,INMARSAT GSO-2J,1,G,-54.0,01.11.2004,2404,1,1,1,1,4
1278,USASAT-60V,1,USA,169.0,21.11.2022,2410,1,1,1,1,4
664,ANIK-F1,1,CAN,-107.3,21.12.2004,2427,1,1,1,1,4
275,USGOVSAT-5A,1,USA,-112.0,13.02.2019,2443,1,1,1,1,4
398,USTRO-9,1,USA,85.0,02.11.2004,2473,1,1,1,1,4
432,USTRO-7,1,USA,90.0,02.11.2004,2473,1,1,1,1,4
535,USTRO-6,1,USA,70.0,02.11.2004,2473,1,1,1,1,4
554,USTRO-8,1,USA,103.0,02.11.2004,2473,1,1,1,1,4
1381,USTRO-3,1,USA,-141.0,02.11.2004,2473,1,1,1,1,4
1384,USTRO-4,1,USA,-13.0,02.11.2004,2473,1,1,1,1,4
1441,USTRO-5,1,USA,-10.0,02.11.2004,2473,1,1,1,1,4
1459,USTRO-2,1,USA,-144.0,02.11.2004,2473,1,1,1,1,4
1512,USASAT-31M,1,USA,-101.0,09.11.2004,2488,1,1,1,1,4
833,GOES-WEST-4,1,USA,-137.0,06.06.2019,2503,1,1,1,1,4
35,USASAT-70V,1,USA,-99.2,17.11.2011,2510,1,1,1,1,4
690,USASAT-31N,1,USA,-99.0,09.11.2004,2510,1,1,1,1,4
724,USDKH2,1,USA,-30.4,19.02.2003,2525,1,1,1,1,4
597,INMARSAT-4 143.5E,1,G,143.5,17.02.2010,2531,1,1,1,1,4
1486,INMARSAT-6-143.5E,1,G,143.5,25.06.2021,2531,1,1,1,1,4
1504,INMARSAT-4A 143.5E,1,G,143.5,19.06.2014,2531,1,1,1,1,4
1602,INMARSAT GSO-2N,1,G,64.0,02.03.2005,2541,1,1,1,1,4
137,USGAE-26A,1,USA,-94.2,31.07.2019,2542,1,1,1,1,4
1104,USASAT-28F,1,USA,-85.1,05.03.2009,2542,1,1,1,1,4
97,USASAT-70W,1,USA,-102.8,17.11.2011,2593,1,1,1,1,4
1618,USASAT-31L,1,USA,-103.0,09.11.2004,2593,1,1,1,1,4
643,USASAT-31U,1,USA,-85.0,17.11.2004,2631,1,1,1,1,4
1085,USASAT-35Q,1,USA,-85.0,17.11.2004,2631,1,1,1,1,4
1049,USOBO-6B,1,USA,66.0,25.09.2019,2652,1,1,1,1,4
347,UKJKSAT-1,1,G,31.0,11.02.2022,2672,1,1,1,1,4
964,UKDSAT-B1,2,G,31.0,11.02.2022,2672,1,1,1,1,4
1032,UKMMSAT-B1,2,G,31.0,11.02.2022,2674,1,1,1,1,4
429,ARTEMIS-21.5E-DR,1,G,21.5,23.12.2019,2678,1,1,1,1,4
156,USASAT-35G,1,USA,-105.0,17.11.2004,2707,1,1,1,1,4
1635,USASAT-31K,1,USA,-105.0,17.11.2004,2707,1,1,1,1,4
42,USASAT-35O,1,USA,-89.0,21.05.2004,2708,1,1,1,1,4
570,USOBO-11B,1,USA,139.0,23.10.2019,2708,1,1,1,1,4
793,USASAT-31S,1,USA,-89.0,21.05.2004,2708,1,1,1,1,4
1084,CANSAT KA-5,1,CAN,-118.7,08.07.2004,2723,1,1,1,1,4
1410,CANSAT KA-5X,1,CAN,-118.7,08.07.2004,2723,1,1,1,1,4
24,USASAT-55J,1,USA,-1.0,17.01.2014,2798,1,1,1,1,4
590,INTELSAT10 359E,1,USA,-1.0,09.11.2004,2799,1,1,1,1,4
68,USASAT-35A,1,USA,-131.0,17.11.2004,2827,1,1,1,1,4
76,INMARSAT-8-11E,1,G,11.0,29.07.2020,2831,1,1,1,1,4
1473,DJCF-2B,1,G,-26.0,25.06.2002,2889,1,1,1,1,4
225,USASAT-22K,1,USA,-135.0,30.01.2004,2905,1,1,1,1,4
727,USGAE-28A,1,USA,137.7,05.06.2020,2908,1,1,1,1,4
1529,USEWSG-1,1,USA,61.5,10.06.2020,2915,1,1,1,1,4
1156,USASAT-25A-1,1,USA,-37.5,02.11.2010,2949,1,1,1,1,4
152,USASAT-50A,1,USA,-127.0,08.08.2011,3059,1,1,1,1,4
1443,USGAE-5A,1,USA,55.0,01.09.2021,3076,1,1,1,1,4
987,USASAT-35C,1,USA,-127.0,10.11.2004,3098,1,1,1,1,4
468,USASAT-23G,1,USA,-121.0,30.01.2004,3113,1,1,1,1,4
738,USASAT-31G,1,USA,-121.0,19.11.2004,3113,1,1,1,1,4
38,EMARSAT-1F/M,1,UAE,44.0,29.07.2009,3134,1,1,1,1,4
1247,EMARSAT-4F,1,UAE,44.0,19.05.2010,3134,1,1,1,1,4
100,USGAE-1,1,USA,-90.0,30.10.2002,3150,1,1,1,1,4
1383,DJCF-1B,1,G,46.0,25.06.2002,3158,1,1,1,1,4
119,USASAT-35R,1,USA,-83.0,17.11.2004,3174,1,1,1,1,4
1149,USASAT-24V,1,USA,-83.0,17.11.2004,3174,1,1,1,1,4
1447,BSSNET4-95W,1,HOL,-95.15,17.12.2019,3218,1,1,1,1,4
1017,USASAT-50B,1,USA,-133.0,08.08.2011,3233,1,1,1,1,4
497,SATMEX 7,1,MEX,-113.0,16.06.2014,3286,1,1,1,1,4
274,ANIK-F2R,1,CAN,-111.1,17.07.2017,3302,1,1,1,1,4
927,CANSAT KA-4,1,CAN,-111.1,01.02.2001,3302,1,1,1,1,4
291,SKYNET-5C-KA3,1,G,6.0,08.04.2022,3326,1,1,1,1,4
767,IOMSAT-KA-63W,1,G,-63.0,15.05.2014,3333,1,1,1,1,4
877,LUX-G7-7,1,LUX,23.5,18.08.2016,3333,1,1,1,1,4
1600,CANSAT-68,1,CAN,-109.2,29.12.2022,3333,1,1,1,1,4
106,NSS-KA41,1,HOL,95.0,30.08.2011,3346,1,1,1,1,4
171,NSS-G2-18,3,HOL,95.0,23.10.2015,3346,1,1,1,1,4
262,NSS-9,1,HOL,95.0,24.01.2003,3346,1,1,1,1,4
366,INTELSAT8 95E,2,HOL,95.0,29.10.1998,3346,1,1,1,1,4
804,NSS-G5-1,1,HOL,-169.5,08.06.2021,3346,1,1,1,1,4
1095,NSS-G4-9,1,HOL,-86.5,27.05.2019,3346,1,1,1,1,4
1472,INTELSAT KA 95E,1,HOL,95.0,24.01.2003,3346,1,1,1,1,4
1668,USNN-1,1,USA,-65.0,07.07.2021,3347,1,1,1,1,4
26,USGAE-25A,1,USA,-124.2,07.09.2021,3368,1,1,1,1,4
116,INTELSAT7 332.5E,1,USA,-27.5,04.03.2002,3424,1,1,1,1,4
238,INTELSAT9 332.5E,1,USA,-27.5,04.03.2002,3424,1,1,1,1,4
965,INTELSAT6 332.5E,1,USA,-27.5,29.10.1998,3424,1,1,1,1,4
1267,INTELSAT8 332.5E,1,USA,-27.5,04.03.2002,3424,1,1,1,1,4
121,INTELSAT8 64E,1,USA,64.0,29.10.1998,3448,1,1,1,1,4
159,INTELSAT9 64E,1,USA,64.0,17.11.2003,3448,1,1,1,1,4
250,USGAE-18A,1,USA,-155.0,16.03.2022,3487,1,1,1,1,4
462,USASAT-60U,2,USA,-95.0,29.05.2020,3531,1,1,1,1,4
529,USASAT-60F,1,USA,-95.0,19.08.2011,3531,1,1,1,1,4
163,LUX-G11-49,1,LUX,-67.0,26.11.2022,3540,1,1,1,1,4
486,INTELSAT8 335.5E,1,USA,-24.5,04.03.2002,3547,1,1,1,1,4
844,INTELSAT6 335.5E,2,USA,-24.5,29.10.1998,3547,1,1,1,1,4
1422,INTELSAT9 335.5E,1,USA,-24.5,04.03.2002,3547,1,1,1,1,4
1538,INTELSAT7 335.5E,1,USA,-24.5,04.03.2002,3547,1,1,1,1,4
868,USASAT-35L,1,USA,-95.0,10.11.2004,3570,1,1,1,1,4
1022,NSS-16,1,HOL,-22.0,14.07.2006,3591,1,1,1,1,4
563,INMARSAT-6-83E5,1,G,83.5,24.12.2022,3598,1,1,1,1,4
1040,USGAE-2,1,USA,4.0,30.10.2002,3598,1,1,1,1,4
1241,INMARSAT-6-28W,1,G,-28.0,26.07.2022,3598,1,1,1,1,4
222,NSS-G2-1,2,HOL,-177.0,23.10.2015,3609,1,1,1,1,4
985,LUX-G7-43,1,LUX,-87.0,16.08.2016,3609,1,1,1,1,4
1075,LUX-G3-24.2E,3,LUX,23.5,02.06.2010,3609,1,1,1,1,4
1589,ANIK-F2,1,CAN,-111.1,07.02.2013,3667,1,1,1,1,4
802,USGOVSAT-19A,1,USA,86.0,09.08.2022,3707,1,1,1,1,4
905,USGOVSAT-18A,1,USA,78.5,09.11.2022,3835,1,1,1,1,4
58,INTELSAT8 307E,2,USA,-53.0,27.09.2001,3903,1,1,1,1,4
320,INTELSAT9 307E,1,USA,-53.0,07.06.2001,3903,1,1,1,1,4
993,INTELSAT8 342E,1,USA,-18.0,28.11.2001,3903,1,1,1,1,4
1166,INTELSAT9 342E,1,USA,-18.0,17.11.2003,3903,1,1,1,1,4
628,INTELSAT6 330.5E,1,USA,-29.5,05.10.2018,3908,1,1,1,1,4
1622,INTELSAT9 330.5E,1,USA,-29.5,05.10.2018,3908,1,1,1,1,4
1630,INTELSAT8 330.5E,1,USA,-29.5,05.10.2018,3908,1,1,1,1,4
954,USGAE-4,1,USA,177.5,30.10.2002,3917,1,1,1,1,4
654,INTELSAT8 60E,1,USA,60.0,19.10.2000,3925,1,1,1,1,4
716,INTELSAT9 60E,1,USA,60.0,19.10.2000,3925,1,1,1,1,4
956,INTELSAT6 60E,2,USA,60.0,29.10.1998,3925,1,1,1,1,4
1377,USASAT-60C,1,USA,68.5,24.12.2008,3928,1,1,1,1,4
450,USASAT-80A,1,USA,-50.0,13.07.2020,3956,1,1,1,1,4
1548,LUX-G10-7,1,LUX,23.5,31.03.2021,3970,1,1,1,1,4
780,SKYNET-4K,1,G,6.0,07.07.2004,4024,1,1,1,1,4
138,LUX-G3-28.2E,1,LUX,28.2,02.06.2010,4046,1,1,1,1,4
1601,CANSAT-68,2,CAN,-109.2,29.12.2022,4102,1,1,1,1,4
72,USASAT-55V,1,USA,169.0,12.09.2017,4107,1,1,1,1,4
405,USASAT-60I,1,USA,-45.0,15.10.2009,4107,1,1,1,1,4
634,INTELSAT7 62E,1,USA,62.0,19.10.2000,4135,1,1,1,1,4
635,INTELSAT7 62E,2,USA,62.0,19.10.2000,4135,1,1,1,1,4
655,INTELSAT8 60E,2,USA,60.0,19.10.2000,4135,1,1,1,1,4
856,INTELSAT8 62E,1,USA,62.0,19.10.2000,4135,1,1,1,1,4
857,INTELSAT8 62E,2,USA,62.0,19.10.2000,4135,1,1,1,1,4
981,INTELSAT9 62E,1,USA,62.0,19.10.2000,4135,1,1,1,1,4
941,USASAT-35W,1,USA,-72.0,27.01.2004,4137,1,1,1,1,4
1629,LUX-G8-44,1,LUX,-83.0,05.12.2017,4137,1,1,1,1,4
259,LUX-G9-30,1,LUX,176.0,14.10.2019,4152,1,1,1,1,4
342,AM-SAT A4,1,G,108.2,17.11.2004,4152,1,1,1,1,4
1281,LUX-G5-25,1,LUX,108.2,30.04.2013,4152,1,1,1,1,4
1574,AM-SAT-108.2E-G,1,G,108.2,17.04.2013,4152,1,1,1,1,4
139,LUX-G3-28.2E,2,LUX,28.2,02.06.2010,4170,1,1,1,1,4
665,ANIK-F1,2,CAN,-107.3,21.12.2004,4184,1,1,1,1,4
1573,CANSAT-34,1,CAN,-107.3,23.05.2012,4184,1,1,1,1,4
413,USASAT-26G-3,1,USA,-58.0,06.08.2008,4260,1,1,1,1,4
451,USASAT-80A,2,USA,-50.0,13.07.2020,4260,1,1,1,1,4
1376,USASAT-26G,2,USA,-58.0,02.10.1998,4260,1,1,1,1,4
1485,USASAT-25G,2,USA,-58.0,02.10.1998,4260,1,1,1,1,4
281,EMARSAT-1G,1,UAE,52.5,23.12.2003,4351,1,1,1,1,4
324,USASAT-22J,1,USA,-137.0,27.01.2004,4359,1,1,1,1,4
325,USASAT-22J,2,USA,-137.0,27.01.2004,4359,1,1,1,1,4
1028,USASAT-35J,1,USA,-99.0,30.01.2001,4364,1,1,1,1,4
894,USASAT-35E,1,USA,-123.0,30.01.2001,4450,1,1,1,1,4
66,LUX-G8-36,1,LUX,-135.0,27.10.2017,4476,1,1,1,1,4
166,USASAT-35I,1,USA,-101.0,17.11.2004,4476,1,1,1,1,4
188,USASAT-35N,1,USA,-91.0,30.01.2001,4483,1,1,1,1,4
416,USASAT-60N,1,USA,33.0,01.11.2011,4483,1,1,1,1,4
1675,USASAT-14L,1,USA,-12.0,09.07.1999,4488,1,1,1,1,4
713,CANSAT-64,1,CAN,-109.2,24.07.2017,4501,1,1,1,1,4
254,USASAT-24N,1,USA,-129.0,17.07.2001,4525,1,1,1,1,4
183,MADAR-33E,1,UAE,33.0,20.05.2021,4546,1,1,1,1,4
1314,USASAT-14J-2,1,USA,72.0,02.10.1998,4566,1,1,1,1,4
1554,USASAT-14J,1,USA,72.0,02.10.1998,4566,1,1,1,1,4
547,USASAT-25D,1,USA,-45.0,02.10.1998,4627,1,1,1,1,4
1293,USASAT-60Q,1,USA,157.0,18.12.2018,4627,1,1,1,1,4
1163,LUX-G10-26,1,LUX,148.0,20.07.2021,4717,1,1,1,1,4
764,SKYNET-4L,1,G,53.0,07.07.2004,4736,1,1,1,1,4
988,SKYNET-5D,1,G,53.0,24.05.2005,4736,1,1,1,1,4
326,USASAT-24S,1,USA,-93.0,17.07.2001,4747,1,1,1,1,4
1023,USASAT-35M,1,USA,-93.0,07.09.2004,4747,1,1,1,1,4
519,KASATCOM-3,1,USA,72.0,27.11.2000,4762,1,1,1,1,4
365,INTELSAT8 95E,1,HOL,95.0,29.10.1998,4778,1,1,1,1,4
1284,INTELSAT5A 95E,1,HOL,95.0,29.10.1998,4778,1,1,1,1,4
1463,INTELSAT7 95E,1,HOL,95.0,29.10.1998,4778,1,1,1,1,4
1261,USASAT-24W,1,USA,-79.0,25.09.1998,4801,1,1,1,1,4
609,SATMEX 8,1,MEX,-116.8,16.06.2014,4839,1,1,1,1,4
130,INTELSAT7 66E,1,USA,66.0,29.10.1998,4856,1,1,1,1,4
735,INTELSAT6 62E,1,USA,62.0,29.10.1998,4856,1,1,1,1,4
955,INTELSAT6 60E,1,USA,60.0,29.10.1998,4856,1,1,1,1,4
1263,INTELSAT5A 180E,1,USA,180.0,29.10.1998,4884,1,1,1,1,4
1416,INTELSAT7 180E,1,USA,180.0,29.10.1998,4884,1,1,1,1,4
1558,INTELSAT5 PAC3,1,USA,180.0,29.10.1998,4884,1,1,1,1,4
794,USASAT-14H,1,USA,166.0,02.10.1998,4922,1,1,1,1,4
1448,USASAT-60B,1,USA,166.0,08.02.2011,4922,1,1,1,1,4
1054,USASAT-14I-3,1,USA,68.5,16.08.2007,4945,1,1,1,1,4
934,GESATCOM-A4,1,G,108.2,03.08.2001,4946,1,1,1,1,4
1273,USASAT-24P,1,USA,-123.0,25.09.1998,4968,1,1,1,1,4
1306,USGCSS PH3B INDOC-2,1,USA,57.0,02.06.2005,4999,1,1,1,1,4
57,INTELSAT8 307E,1,USA,-53.0,27.09.2001,5006,1,1,1,1,4
525,INTELSAT9 330.5E,2,USA,-29.5,06.05.2003,5006,1,1,1,1,4
720,INTELSAT8 304.5E,1,USA,-55.5,18.06.2015,5006,1,1,1,1,4
1035,INTELSAT9 359E,1,USA,-1.0,06.05.2003,5006,1,1,1,1,4
1271,GOES-EAST-1,1,USA,-75.0,14.09.1998,5006,1,1,1,1,4
1324,INTELSAT7 304.5E,1,USA,-55.5,29.10.1998,5006,1,1,1,1,4
1564,INTELSAT7 307E,1,USA,-53.0,29.10.1998,5006,1,1,1,1,4
899,USGCSS PH3B W PAC-3,1,USA,150.0,14.09.1998,5096,1,1,1,1,4
1003,NSS-18,1,HOL,-40.5,14.07.2006,5099,1,1,1,1,4
1619,NSS-57,1,HOL,-40.5,17.12.2012,5099,1,1,1,1,4
1678,NSS-35,1,HOL,-40.5,23.07.2009,5099,1,1,1,1,4
1237,INMARSAT-3 IOR WEST,1,G,25.0,09.10.1998,5124,1,1,1,1,4
251,INTELSAT5A 319.5E,1,HOL,-40.5,29.10.1998,5126,1,1,1,1,4
376,INTELSAT K 319.5E,1,HOL,-40.5,29.10.1998,5126,1,1,1,1,4
506,INTELSAT IBS 319.5E,1,HOL,-40.5,09.11.2004,5126,1,1,1,1,4
851,INTELSAT7 319.5E,1,HOL,-40.5,29.10.1998,5126,1,1,1,1,4
1419,INTELSAT8 319.5E,1,HOL,-40.5,29.10.1998,5126,1,1,1,1,4
81,SKYNET-5A,1,G,-34.0,24.05.2005,5149,1,1,1,1,4
639,SKYNET-4D,1,G,-34.0,24.01.2001,5149,1,1,1,1,4
682,SKYNET-4M,1,G,-34.0,07.07.2004,5149,1,1,1,1,4
430,KASATCOM-5,1,USA,172.0,14.09.1998,5158,1,1,1,1,4
448,KASATCOM-2,1,USA,-22.5,27.11.2000,5158,1,1,1,1,4
986,USGCSS PH3B W PAC-2,1,USA,180.0,02.06.2005,5173,1,1,1,1,4
277,YAHSAT-G6-63E,1,UAE,63.0,14.08.2016,5186,1,1,1,1,4
392,NSS-G4-22,1,HOL,50.5,03.07.2018,5186,1,1,1,1,4
1073,LUX-G3-24.2E,1,LUX,23.5,02.06.2010,5186,1,1,1,1,4
1559,GDL-6,1,LUX,19.2,27.11.2000,5186,1,1,1,1,4
122,INTELSAT8 64E,2,USA,64.0,29.10.1998,5188,1,1,1,1,4
1627,INTELSAT7 64E,1,USA,64.0,29.10.1998,5188,1,1,1,1,4
611,USASAT-23F,1,USA,-95.0,25.09.1998,5231,1,1,1,1,4
431,DJCF-1A,1,G,39.5,15.01.1999,5240,1,1,1,1,4
559,DJCF-2A,1,G,-39.0,15.01.1999,5240,1,1,1,1,4
931,USASAT-35P,1,USA,-87.0,17.11.2004,5276,1,1,1,1,4
334,USASAT-24T,1,USA,-87.0,25.09.1998,5277,1,1,1,1,4
154,NSS-G2-16,1,HOL,50.5,23.10.2015,5279,1,1,1,1,4
244,INTELSAT8 183E,1,HOL,-177.0,20.04.2000,5279,1,1,1,1,4
393,NSS-G4-22,2,HOL,50.5,03.07.2018,5279,1,1,1,1,4
805,NSS-36,1,HOL,57.0,06.08.2009,5279,1,1,1,1,4
906,NSS-19,1,HOL,-177.0,14.07.2006,5279,1,1,1,1,4
1329,INTELSAT7 183E,1,HOL,-177.0,20.04.2000,5279,1,1,1,1,4
1664,INTELSAT8 338.5E,1,HOL,-21.5,29.10.1998,5279,1,1,1,1,4
230,LUX-28.2E,1,LUX,28.2,29.06.2004,5303,1,1,1,1,4
231,LUX-28.2E,2,LUX,28.2,29.06.2004,5303,1,1,1,1,4
1099,LUX-24.2E,1,LUX,24.2,01.07.2004,5303,1,1,1,1,4
1375,USASAT-26G,1,USA,-58.0,02.10.1998,5329,1,1,1,1,4
1484,USASAT-25G,1,USA,-58.0,02.10.1998,5329,1,1,1,1,4
15,USGCSS PH3B E PAC-2,1,USA,-130.0,27.11.2000,5340,1,1,1,1,4
1106,INTELSAT9 33E,1,USA,33.0,18.11.2004,5347,1,1,1,1,4
1358,INMARSAT-3 AOR WEST2,1,G,-54.0,09.10.1998,5369,1,1,1,1,4
858,USASAT-35K,1,USA,-97.0,07.09.2004,5380,1,1,1,1,4
1113,USASAT-24D,1,USA,-97.0,25.09.1998,5380,1,1,1,1,4
538,MILSTAR 8,1,USA,-68.0,27.11.2000,5447,1,1,1,1,4
739,INTELSAT9 328.5E,1,USA,-31.5,17.11.2003,5463,1,1,1,1,4
741,INTELSAT8 330.5E,2,USA,-29.5,19.05.2000,5463,1,1,1,1,4
1621,INTELSAT8 328.5E,1,USA,-31.5,18.06.2015,5463,1,1,1,1,4
210,USASAT-24U,1,USA,-85.0,25.09.1998,5493,1,1,1,1,4
1112,INMARSAT-3 POR-2,1,G,178.0,09.10.1998,5536,1,1,1,1,4
1359,MILSTAR 4,1,USA,55.0,27.11.2000,5600,1,1,1,1,4
706,CANSAT(107.3W)-L,1,CAN,-107.3,20.10.2015,5626,1,1,1,1,4
50,USASAT-35H,1,USA,-103.0,17.11.2004,5637,1,1,1,1,4
350,USASAT-24F,1,USA,-103.0,25.09.1998,5637,1,1,1,1,4
748,GIBSAT-129W,1,G,-129.0,21.12.2015,5637,1,1,1,1,4
1185,NSS-G4-6,1,HOL,-131.0,06.11.2017,5637,1,1,1,1,4
22,FLTSATCOM-C W PAC-2,1,USA,-177.0,14.09.1998,5705,1,1,1,1,4
117,FLTSATCOM-C W PAC-3,1,USA,-145.0,14.09.1998,5705,1,1,1,1,4
164,FLTSATCOM-C E PAC-1,1,USA,-105.0,14.09.1998,5705,1,1,1,1,4
436,FLTSATCOM-C INDOC-3,1,USA,75.0,14.09.1998,5705,1,1,1,1,4
515,FLTSATCOM-C INDOC-2,1,USA,72.0,14.09.1998,5705,1,1,1,1,4
516,FLTSATCOM-C INDOC-2,2,USA,72.0,14.09.1998,5705,1,1,1,1,4
617,FLTSATCOM-C E ATL-1,1,USA,-22.5,14.09.1998,5705,1,1,1,1,4
930,FLTSATCOM-C W PAC-1,1,USA,172.0,14.09.1998,5705,1,1,1,1,4
1002,FLTSATCOM-C E PAC-2,1,USA,-100.0,14.09.1998,5705,1,1,1,1,4
1413,FLTSATCOM-C E ATL-2,1,USA,-15.5,14.09.1998,5705,1,1,1,1,4
1450,FLTSATCOM-C INDOC-1,1,USA,29.0,14.09.1998,5705,1,1,1,1,4
456,INTELSAT7 310E,1,USA,-50.0,29.10.1998,5736,1,1,1,1,4
596,INTELSAT10 310E,1,USA,-50.0,23.03.2006,5736,1,1,1,1,4
721,INTELSAT8 304.5E,2,USA,-55.5,18.06.2015,5736,1,1,1,1,4
1038,INTELSAT9 310E,1,USA,-50.0,17.11.2003,5736,1,1,1,1,4
1325,INTELSAT7 304.5E,2,USA,-55.5,29.10.1998,5736,1,1,1,1,4
1634,INTELSAT9 304.5E,1,USA,-55.5,17.11.2003,5736,1,1,1,1,4
622,MILSTAR 13,1,USA,4.0,27.11.2000,5751,1,1,1,1,4
11,MSAT,1,CAN,-106.5,28.04.1999,5778,1,1,1,1,4
1503,CANSAT-67,1,CAN,-107.3,08.11.2019,5788,1,1,1,1,4
381,USASAT-24O,1,USA,-127.0,25.09.1998,5789,1,1,1,1,4
1279,INMARSAT-3 IOR-1,1,G,64.0,09.10.1998,5795,1,1,1,1,4
458,INTELSAT7 359E,1,USA,-1.0,29.10.1998,5828,1,1,1,1,4
1036,INTELSAT9 359E,2,USA,-1.0,06.05.2003,5828,1,1,1,1,4
1129,INTELSAT8 359E,1,USA,-1.0,06.05.2003,5828,1,1,1,1,4
602,MILSTAR 14,1,USA,177.5,27.11.2000,5874,1,1,1,1,4
1061,USASAT-55F,1,USA,-43.0,15.10.2009,5877,1,1,1,1,4
85,USGCSS PH3B INDOC,1,USA,60.0,14.09.1998,5889,1,1,1,1,4
1193,USGCSS PH3 INDOC-2,1,USA,57.0,14.09.1998,5889,1,1,1,1,4
422,USASAT-26C,1,USA,-43.0,02.10.1998,5923,1,1,1,1,4
553,USASAT-25C,1,USA,-43.0,02.10.1998,5923,1,1,1,1,4
1198,USASAT-24L,1,USA,-95.0,25.09.1998,5950,1,1,1,1,4
1074,LUX-G3-24.2E,2,LUX,23.5,02.06.2010,5962,1,1,1,1,4
1283,LUX-G5-25,3,LUX,108.2,30.04.2013,5962,1,1,1,1,4
1576,AM-SAT-108.2E-G,3,G,108.2,17.04.2013,5962,1,1,1,1,4
1194,USASAT-24E,1,USA,-89.0,25.09.1998,5988,1,1,1,1,4
551,MILSTAR 6,1,USA,-120.0,27.11.2000,6003,1,1,1,1,4
652,USASAT-14I,1,USA,68.5,02.10.1998,6085,1,1,1,1,4
59,INTELSAT8 307E,3,USA,-53.0,27.09.2001,6133,1,1,1,1,4
425,INTELSAT IBS 307E,1,USA,-53.0,29.10.1998,6133,1,1,1,1,4
1565,INTELSAT7 307E,2,USA,-53.0,29.10.1998,6133,1,1,1,1,4
1566,INTELSAT7 307E,3,USA,-53.0,29.10.1998,6133,1,1,1,1,4
1013,INTELSAT7 340E,1,USA,-20.0,28.11.2001,6165,1,1,1,1,4
103,INTELSAT6 85E,1,USA,85.0,01.05.2002,6194,1,1,1,1,4
176,INTELSAT7 85E,1,USA,85.0,21.12.2001,6194,1,1,1,1,4
752,INTELSAT7 342E,1,USA,-18.0,29.10.1998,6194,1,1,1,1,4
1540,INTELSAT KFOS 85E,1,USA,85.0,21.12.2001,6194,1,1,1,1,4
1674,INTELSAT8 85E,1,USA,85.0,21.12.2001,6194,1,1,1,1,4
1465,MILSTAR 5,1,USA,90.0,27.11.2000,6284,1,1,1,1,4
1439,USASAT-26A,2,USA,-37.5,22.06.2009,6286,1,1,1,1,4
394,ACS-1,1,USA,-101.0,02.10.1998,6299,1,1,1,1,4
1175,MCS-1,1,USA,-101.0,02.10.1998,6299,1,1,1,1,4
107,LUX-G3-4,1,LUX,31.0,02.06.2010,6314,1,1,1,1,4
1560,GDL-6,2,LUX,19.2,27.11.2000,6314,1,1,1,1,4
1620,NSS-57,2,HOL,-40.5,17.12.2012,6314,1,1,1,1,4
1686,GDL-7,1,LUX,19.2,20.01.1999,6314,1,1,1,1,4
387,NSS-8,1,HOL,57.0,28.09.2005,6337,1,1,1,1,4
743,SOLIDARIDAD 2M,1,MEX,-113.0,29.01.2016,6357,1,1,1,1,4
896,CANSAT-17,1,CAN,-114.9,20.07.2007,6357,1,1,1,1,4
1394,MEXSAT-114.9 C-KU,1,MEX,-114.9,13.08.2009,6357,1,1,1,1,4
1285,SOLIDARIDAD 2MA,1,MEX,-113.0,09.10.1998,6360,1,1,1,1,4
1496,USGCSS PH3 W PAC-2,1,USA,180.0,27.11.2000,6397,1,1,1,1,4
1369,USASAT-60J,1,USA,169.0,15.10.2009,6430,1,1,1,1,4
671,USASAT-14G,1,USA,169.0,02.10.1998,6475,1,1,1,1,4
1122,USGCSS PH3B W ATL,1,USA,-52.5,27.11.2000,6557,1,1,1,1,4
548,MILSTAR 1,1,USA,-90.0,27.11.2000,6558,1,1,1,1,4
972,USASAT-35Y,1,USA,-133.0,10.11.2004,6615,1,1,1,1,4
1169,USASAT-22A,1,USA,-133.0,25.09.1998,6615,1,1,1,1,4
1586,USGCSS PH3 INDOC,1,USA,60.0,14.09.1998,6619,1,1,1,1,4
932,USGCSS PH3B W PAC,1,USA,175.0,27.11.2000,6680,1,1,1,1,4
1091,USASAT-24J,1,USA,-99.0,25.09.1998,6855,1,1,1,1,4
232,LUX-28.2E,3,LUX,28.2,29.06.2004,6861,1,1,1,1,4
338,LUX-G3-19.2E,1,LUX,19.2,02.06.2010,6861,1,1,1,1,4
1100,LUX-24.2E,2,LUX,24.2,01.07.2004,6861,1,1,1,1,4
649,USGCSS PH3B MID-ATL,1,USA,-42.5,02.06.2005,7008,1,1,1,1,4
101,USGCSS PH3 MID-ATL,1,USA,-42.5,27.11.2000,7024,1,1,1,1,4
1208,USASAT-24K,1,USA,-91.0,25.09.1998,7095,1,1,1,1,4
10,USASAT-35T,1,USA,-79.0,17.11.2004,7096,1,1,1,1,4
1144,USASAT-22H,1,USA,-131.0,25.09.1998,7096,1,1,1,1,4
581,USGCSS PH3B ATL,1,USA,-12.0,27.11.2000,7106,1,1,1,1,4
789,USGCSS PH3 W PAC,1,USA,175.0,14.09.1998,7106,1,1,1,1,4
1251,USASAT-21A,1,USA,-135.0,25.09.1998,7106,1,1,1,1,4
1226,USGCSS PH3B E PAC,1,USA,-135.0,27.11.2000,7227,1,1,1,1,4
273,USCSID-A4,1,USA,82.0,14.09.1998,7257,1,1,1,1,4
379,USCSID-A5,1,USA,92.0,14.09.1998,7257,1,1,1,1,4
386,USCSID-A2,1,USA,44.0,14.09.1998,7257,1,1,1,1,4
457,USCSID-E2,1,USA,-13.0,14.09.1998,7257,1,1,1,1,4
606,USCSID-E4,1,USA,-30.0,14.09.1998,7257,1,1,1,1,4
631,USCSID-E3,1,USA,-24.0,14.09.1998,7257,1,1,1,1,4
775,USCSID-W2,1,USA,-144.0,14.09.1998,7257,1,1,1,1,4
1201,USCSID-A1,1,USA,0.0,14.09.1998,7257,1,1,1,1,4
1217,USCSID-A6,1,USA,110.0,14.09.1998,7257,1,1,1,1,4
1302,USCSID-E1,1,USA,-10.0,14.09.1998,7257,1,1,1,1,4
1651,USCSID-W1,1,USA,-141.0,14.09.1998,7257,1,1,1,1,4
237,USASAT-22B,1,USA,-125.0,25.09.1998,7322,1,1,1,1,4
1019,USASAT-35D,1,USA,-125.0,21.05.2004,7322,1,1,1,1,4
410,INTELSAT8 325.5E,1,USA,-34.5,21.12.2001,7441,1,1,1,1,4
471,INTELSAT7 33E,1,USA,33.0,01.05.2002,7441,1,1,1,1,4
543,INTELSAT5 33E,2,USA,33.0,29.10.1998,7441,1,1,1,1,4
777,INTELSAT6 325.5E,1,USA,-34.5,29.10.1998,7441,1,1,1,1,4
778,INTELSAT6 325.5E,2,USA,-34.5,29.10.1998,7441,1,1,1,1,4
1151,INTELSAT8 33E,1,USA,33.0,01.05.2002,7441,1,1,1,1,4
1445,INTELSAT9 325.5E,1,USA,-34.5,17.11.2003,7441,1,1,1,1,4
1556,INTELSAT7 325.5E,1,USA,-34.5,21.12.2001,7441,1,1,1,1,4
1658,INTELSAT9 66E,1,USA,66.0,17.11.2003,7441,1,1,1,1,4
774,INTELSAT8 340E,1,USA,-20.0,30.07.2002,7502,1,1,1,1,4
966,INTELSAT6 332.5E,2,USA,-27.5,29.10.1998,7502,1,1,1,1,4
1014,INTELSAT7 340E,2,USA,-20.0,28.11.2001,7502,1,1,1,1,4
1158,INTELSAT6 340E,1,USA,-20.0,30.07.2002,7502,1,1,1,1,4
1272,USASAT-22I,1,USA,-139.0,25.09.1998,7566,1,1,1,1,4
233,USASAT-7D,1,USA,-101.0,25.09.1998,7624,1,1,1,1,4
1688,USASAT-14K,1,USA,172.0,13.04.2007,7624,1,1,1,1,4
1562,GDL-6,4,LUX,19.2,27.11.2000,7653,1,1,1,1,4
577,USASAT-23H,1,USA,-105.0,25.09.1998,7756,1,1,1,1,4
1229,USASAT-22G,1,USA,-137.0,25.09.1998,7756,1,1,1,1,4
1141,ANIK E-D,1,CAN,-118.7,26.11.2002,7776,1,1,1,1,4
1262,ANIK E-B,1,CAN,-111.1,01.02.2001,7776,1,1,1,1,4
1191,INMARSAT-3 POR-3,1,G,143.5,28.04.2003,7777,1,1,1,1,4
645,SKYNET-4C,1,G,53.0,24.01.2001,7838,1,1,1,1,4
663,SKYNET-4J,1,G,-1.0,07.07.2004,7838,1,1,1,1,4
897,SKYNET-5B,1,G,-1.0,24.05.2005,7838,1,1,1,1,4
336,ANIK E-A,1,CAN,-107.3,01.02.2001,7990,1,1,1,1,4
788,NSS-31,1,HOL,-20.0,13.04.2007,8005,1,1,1,1,4
491,INTELSAT9 340E,1,USA,-20.0,17.11.2003,8020,1,1,1,1,4
843,INTELSAT6 335.5E,1,USA,-24.5,29.10.1998,8020,1,1,1,1,4
1684,SKYNET-4A,1,G,-1.0,24.01.2001,8080,1,1,1,1,4
773,USGCSS PH3 E PAC-2,1,USA,-130.0,27.11.2000,8103,1,1,1,1,4
736,INTELSAT6 62E,2,USA,62.0,29.10.1998,8171,1,1,1,1,4
1361,USASAT-25A,1,USA,-37.5,02.10.1998,8419,1,1,1,1,4
49,GIBSAT-72.5W,1,G,-72.5,12.07.2017,8465,1,1,1,1,4
1561,GDL-6,3,LUX,19.2,27.11.2000,8465,1,1,1,1,4
785,SKYNET-4B,1,G,6.0,24.01.2001,8466,1,1,1,1,4
46,INTELSAT5 183E,1,HOL,-177.0,29.10.1998,8689,1,1,1,1,4
688,INTELSAT IBS 183E,1,HOL,-177.0,29.10.1998,8689,1,1,1,1,4
1174,INTELSAT5A 183E,1,HOL,-177.0,29.10.1998,8689,1,1,1,1,4
36,USASAT-13I,1,USA,-45.0,02.10.1998,8690,1,1,1,1,4
211,FLTSATCOM-A INDOC-4,1,USA,100.0,26.08.2003,9175,1,1,1,1,4
626,USASAT-9C,1,USA,-85.0,25.09.1998,9529,1,1,1,1,4
62,INTELSAT6 330.5E,1,USA,-29.5,06.05.2003,9754,1,1,1,1,4
524,INTELSAT9 330.5E,1,USA,-29.5,06.05.2003,9754,1,1,1,1,4
740,INTELSAT8 330.5E,1,USA,-29.5,19.05.2000,9754,1,1,1,1,4
542,INTELSAT5 33E,1,USA,33.0,29.10.1998,9846,1,1,1,1,4
1145,USASAT-24Q,1,USA,-77.0,13.04.2004,10029,1,1,1,1,4
1308,USASAT-9A,1,USA,-91.0,25.09.1998,10074,1,1,1,1,4
918,INTELSAT5A 157E,1,USA,157.0,11.11.2011,11018,1,1,1,1,4
60,FLTSATCOM W PAC,1,USA,172.0,29.08.2001,11442,1,1,1,1,4
143,EUROPESTAR-47.5E,1,D,47.5,26.03.2013,46,0,1,1,1,3
236,KAZSAT1M,1,KAZ,58.5,30.01.2012,49,0,1,1,1,3
610,KAZSAT1,1,KAZ,58.5,30.01.2012,49,0,1,1,1,3
90,PALAPA-C3-K,1,INS,118.0,14.08.2017,90,0,1,1,1,3
190,KUPON-1M,1,RUS,55.0,16.03.2010,90,0,1,1,1,3
258,ASIASAT-EKZ,1,CHN,100.5,05.12.2011,90,0,1,1,1,3
1076,PALAPA-B3-EC,1,INS,118.0,14.08.2017,90,0,1,1,1,3
1239,ASIASAT-CKZ,2,CHN,105.5,22.05.2012,90,0,1,1,1,3
823,YAMAL-183E,1,RUS,-177.0,26.06.2019,114,0,1,1,1,3
1646,EXPRESS-7C,1,RUS,90.0,24.02.2012,114,0,1,1,1,3
206,EXPRESS-6KA,1,RUS,80.0,12.03.2015,147,0,1,1,1,3
908,MEASAT-SA1A,1,MLA,5.0,21.12.2017,147,0,1,1,1,3
1639,SIRIUS-5E-2,1,S,5.0,31.01.2013,147,0,1,1,1,3
1110,ADF UHF-2,1,AUS,72.1,19.10.2011,153,0,1,1,1,3
869,CSDRN-M,1,RUS,95.0,28.08.2014,154,0,1,1,1,3
332,WSDRN-M,1,RUS,-16.0,17.12.2012,213,0,1,1,1,3
675,INTERSPUTNIK-16W-4,1,RUS,-16.0,11.03.2016,213,0,1,1,1,3
771,INTERSPUTNIK-16W-2,1,RUS,-16.0,11.03.2016,213,0,1,1,1,3
1128,ODYSSEY POR,1,D,178.0,19.04.2021,275,0,1,1,1,3
1199,VSSRD-2M,1,RUS,167.0,10.04.2015,303,0,1,1,1,3
1200,VSSRD-2M,2,RUS,167.0,10.04.2015,303,0,1,1,1,3
331,KAZSAT2M,1,KAZ,86.5,04.11.2010,368,0,1,1,1,3
1431,KAZSAT2,1,KAZ,86.5,04.11.2010,368,0,1,1,1,3
847,YAMAL-55E,1,RUS,55.0,28.11.2014,396,0,1,1,1,3
43,F-SAT-N5-9E,1,F,9.0,20.05.2022,415,0,1,1,1,3
1367,F-SAT-N3-9E,1,F,9.0,03.06.2019,415,0,1,1,1,3
1657,F-SAT-KA-E-9E,1,F,9.0,20.06.2011,415,0,1,1,1,3
173,F-SAT-N-E-7E,1,F,7.0,27.05.2016,455,0,1,1,1,3
1041,KUPON-4M,1,RUS,86.5,07.09.2011,504,0,1,1,1,3
698,ARABSAT 7B-26E,1,ARS,26.0,02.07.2015,608,0,1,1,1,3
946,ARABSAT 1-B,1,ARS,26.0,28.06.2010,608,0,1,1,1,3
1477,ARABSAT 6E-34.5E,1,ARS,34.5,19.05.2010,608,0,1,1,1,3
1582,ARABSAT-KU-26E,1,ARS,26.0,28.06.2010,608,0,1,1,1,3
1681,ARABSAT-KA-26E,2,ARS,26.0,28.06.2010,608,0,1,1,1,3
1133,AMS-4-65E,1,ISR,65.0,01.01.2014,617,0,1,1,1,3
61,SE-KA-63E,1,NOR,63.0,07.09.2017,663,0,1,1,1,3
1173,EXPRESS-10KA,1,RUS,140.0,05.05.2014,681,0,1,1,1,3
184,TURKSAT-42E-F,1,TUR,42.0,11.03.2022,732,0,1,1,1,3
452,TURKSAT-50E-B,1,TUR,50.0,22.02.2014,792,0,1,1,1,3
616,TURKSAT-50E-C,1,TUR,50.0,06.01.2015,792,0,1,1,1,3
854,TURKSAT-42E-C,1,TUR,42.0,06.01.2015,792,0,1,1,1,3
874,TURKSAT-42E-B,1,TUR,42.0,19.06.2014,792,0,1,1,1,3
1277,TURKSAT-50E-F,1,TUR,50.0,11.02.2022,792,0,1,1,1,3
870,CSDRN-M,2,RUS,95.0,28.08.2014,807,0,1,1,1,3
571,F-SAT-N-E-36E,1,F,36.0,26.05.2016,812,0,1,1,1,3
660,F-SAT-N3-36E,1,F,36.0,07.05.2019,812,0,1,1,1,3
1164,F-SAT-KU3-E-36E,1,F,36.0,01.02.2010,812,0,1,1,1,3
939,ASIASAT-E,1,CHN,100.5,02.11.2009,916,0,1,1,1,3
439,MEASAT-1,1,MLA,91.5,31.05.2022,942,0,1,1,1,3
995,MEASAT-AK 91.5,2,MLA,91.5,31.05.2022,942,0,1,1,1,3
1339,MEASAT-1A,3,MLA,91.5,31.05.2022,942,0,1,1,1,3
692,EXPRESS-5KA,1,RUS,53.0,30.03.2015,980,0,1,1,1,3
5,INDOSTAR-110E,1,INS,108.2,07.12.2013,1004,0,1,1,1,3
1172,INDOSTAR-110E-K,1,INS,108.2,09.09.2014,1004,0,1,1,1,3
16,3GSAT-G17R,1,F,10.0,26.02.2010,1047,0,1,1,1,3
480,F-SAT-N-E-10E,1,F,10.0,20.05.2016,1047,0,1,1,1,3
700,F-SAT-S-E-10E,1,F,10.0,13.01.2012,1047,0,1,1,1,3
849,F-SAT-N3-10E,1,F,10.0,25.09.2019,1047,0,1,1,1,3
1539,F-SAT-C-E-10E,1,F,10.0,04.11.2009,1047,0,1,1,1,3
1488,SE-KA-55W,1,NOR,-55.0,07.09.2017,1083,0,1,1,1,3
510,INTERSPUTNIK-17E-CK,1,RUS,17.0,26.06.2009,1094,0,1,1,1,3
33,VOLNA-3R,1,RUS,-11.0,21.01.2013,1098,0,1,1,1,3
447,EXPRESS-B 11W,1,RUS,-11.0,29.01.2016,1098,0,1,1,1,3
1609,EXPRESS-4B,2,RUS,40.0,01.04.2015,1129,0,1,1,1,3
52,SE-KA-180E,1,NOR,180.0,07.09.2017,1291,0,1,1,1,3
1365,VOLNA-2,2,RUS,-14.0,20.02.2016,1309,0,1,1,1,3
666,AMOS 3-A,1,ISR,-4.0,11.08.2011,1385,0,1,1,1,3
257,AMOS 2-B,2,ISR,-4.0,25.05.2009,1399,0,1,1,1,3
1056,AMS-CK-4W,1,ISR,-4.0,28.02.2017,1399,0,1,1,1,3
572,F-SAT-N-E-36E,2,F,36.0,26.05.2016,1410,0,1,1,1,3
661,F-SAT-N3-36E,2,F,36.0,07.05.2019,1410,0,1,1,1,3
1368,F-SAT-N3-9E,2,F,9.0,03.06.2019,1445,0,1,1,1,3
1016,VOLNA-5R,1,RUS,96.5,21.01.2013,1478,0,1,1,1,3
227,GALS-16,1,RUS,70.0,23.11.2010,1528,0,1,1,1,3
304,STATSIONAR-20,1,RUS,70.0,23.11.2010,1528,0,1,1,1,3
969,SIRIUS-5E,1,S,5.0,17.12.2010,1549,0,1,1,1,3
1640,SIRIUS-5E-2,2,S,5.0,31.01.2013,1549,0,1,1,1,3
502,PALAPA PAC-C 146E,1,INS,146.0,02.02.2017,1747,0,1,1,1,3
755,PALAPA PAC-KU 146E,1,INS,146.0,02.02.2017,1747,0,1,1,1,3
850,F-SAT-N3-10E,2,F,10.0,25.09.2019,1941,0,1,1,1,3
310,ASIASAT-AAA,1,CHN,122.0,28.03.2017,1999,0,1,1,1,3
759,ASIASAT-122T,1,CHN,122.0,10.08.2021,1999,0,1,1,1,3
1661,BV-SAT-45E,1,RUS,45.0,14.05.2021,2011,0,1,1,1,3
618,F-SAT-N-E-13E,1,F,13.0,26.05.2016,2020,0,1,1,1,3
723,F-SAT-N3-13E,1,F,13.0,12.04.2019,2020,0,1,1,1,3
37,SADKO-1,1,RUS,85.4,09.12.2008,2135,0,1,1,1,3
952,ENSAT-23E,2,RUS,23.0,13.01.2021,2147,0,1,1,1,3
1245,ARABSAT-EXT-C2,1,ARS,26.0,17.05.2004,2229,0,1,1,1,3
1295,ARABSAT 2-B,1,ARS,26.0,21.09.1998,2229,0,1,1,1,3
1296,ARABSAT 2-B,2,ARS,26.0,21.09.1998,2229,0,1,1,1,3
1426,ARABSAT-KA-30.5E,1,ARS,30.5,21.04.2011,2229,0,1,1,1,3
1680,ARABSAT-KA-26E,1,ARS,26.0,28.06.2010,2229,0,1,1,1,3
1614,KYPROS-ACHILLEAS,1,CYP,174.0,19.01.2018,2234,0,1,1,1,3
151,BV-SAT-128E,1,RUS,128.0,10.09.2020,2269,0,1,1,1,3
974,STATSIONAR-128E,1,RUS,128.0,22.05.2018,2269,0,1,1,1,3
880,TOR-15M,1,RUS,1.0,10.01.2003,2270,0,1,1,1,3
1000,TOR-16M,1,RUS,49.0,10.01.2003,2298,0,1,1,1,3
1474,INTERSPUTNIK-3W-Q,1,RUS,-3.0,26.07.2018,2368,0,1,1,1,3
633,TOR-17M,1,RUS,70.0,10.01.2003,2370,0,1,1,1,3
383,STATSIONAR-8,1,RUS,-25.0,28.09.2005,2384,0,1,1,1,3
220,STATSIONAR-17,1,RUS,-26.5,28.09.2005,2413,0,1,1,1,3
1460,EXPRESS-10B,1,RUS,140.0,26.02.2006,2418,0,1,1,1,3
751,TOR-5M,1,RUS,-170.0,10.01.2003,2423,0,1,1,1,3
951,ENSAT-23E,1,RUS,23.0,13.01.2021,2426,0,1,1,1,3
200,STATSIONAR-10,1,RUS,-170.0,28.09.2005,2445,0,1,1,1,3
1316,STATSIONAR-10A,1,RUS,-170.0,28.09.2005,2445,0,1,1,1,3
651,TOR-6M,1,RUS,128.0,10.01.2003,2448,0,1,1,1,3
1270,STATSIONAR-15,1,RUS,128.0,28.09.2005,2475,0,1,1,1,3
861,TOR-4M,1,RUS,85.0,10.01.2003,2481,0,1,1,1,3
115,TOR-2M,1,RUS,35.0,10.01.2003,2484,0,1,1,1,3
1546,TOR-18M,1,RUS,12.0,10.01.2003,2499,0,1,1,1,3
1109,STATSIONAR-3,1,RUS,85.0,28.09.2005,2505,0,1,1,1,3
89,EXPRESS-6B,1,RUS,80.0,26.02.2006,2510,0,1,1,1,3
400,YAMAL-KA1M,1,RUS,49.0,21.12.2017,2512,0,1,1,1,3
315,BV-SAT-70E,1,RUS,70.0,21.10.2022,2520,0,1,1,1,3
527,KYPROS-SAT-C,1,CYP,39.0,03.07.2003,2531,0,1,1,1,3
1231,STATSIONAR-24,1,RUS,49.0,28.09.2005,2564,0,1,1,1,3
263,STATSIONAR-9,1,RUS,45.0,28.09.2005,2596,0,1,1,1,3
1401,STATSIONAR-9A,1,RUS,45.0,28.09.2005,2596,0,1,1,1,3
299,MEASAT-IK 91.5E,1,MLA,91.5,28.07.1999,2600,0,1,1,1,3
440,MEASAT-1,2,MLA,91.5,31.05.2022,2600,0,1,1,1,3
612,MEASAT-91.5E,1,MLA,91.5,05.06.2003,2600,0,1,1,1,3
994,MEASAT-AK 91.5,1,MLA,91.5,31.05.2022,2600,0,1,1,1,3
1264,MEASAT-IC 91.5,1,MLA,91.5,28.07.1999,2600,0,1,1,1,3
1338,MEASAT-1A,2,MLA,91.5,31.05.2022,2600,0,1,1,1,3
1398,MEASAT-1R,1,MLA,91.5,31.05.2022,2600,0,1,1,1,3
1183,STATSIONAR-2,1,RUS,35.0,28.09.2005,2627,0,1,1,1,3
246,STATSIONAR-19,1,RUS,23.0,28.09.2005,2655,0,1,1,1,3
1218,STATSIONAR-23,1,RUS,15.0,28.09.2005,2655,0,1,1,1,3
1608,EXPRESS-4B,1,RUS,40.0,01.04.2015,2661,0,1,1,1,3
296,STATSIONAR-27,1,RUS,12.0,28.09.2005,2717,0,1,1,1,3
424,BV-SAT-12E,1,RUS,12.0,02.02.2023,2745,0,1,1,1,3
301,STATSIONAR-18,1,RUS,8.0,28.09.2005,2747,0,1,1,1,3
270,SBTS B3,1,B,-61.0,09.04.2010,2776,0,1,1,1,3
426,B-SAT-1W,1,B,-48.0,29.04.2013,2776,0,1,1,1,3
1117,B-SAT-Q,1,B,-61.0,02.09.2004,2776,0,1,1,1,3
1311,HISPASAT 2A 36W,1,E,-36.0,14.05.2015,2776,0,1,1,1,3
1168,STATSIONAR-22,1,RUS,1.0,28.09.2005,2779,0,1,1,1,3
691,EXPRESS-8B,1,RUS,96.5,26.02.2006,2844,0,1,1,1,3
99,F-SAT-N4-139W,1,F,-139.0,12.05.2021,2892,0,1,1,1,3
408,EUTELSAT-KA-7E,1,F,7.0,18.10.2004,2892,0,1,1,1,3
478,TURKSAT-31E-D,1,TUR,31.0,28.08.2020,2892,0,1,1,1,3
814,EUTELSAT-B1-7E,1,F,7.0,14.05.2004,2892,0,1,1,1,3
859,F-SAT-KA-E-7E,1,F,7.0,29.07.2011,2892,0,1,1,1,3
975,EUTELSAT-B1-13E,1,F,13.0,14.04.2003,2892,0,1,1,1,3
1679,F-SAT-KU2-E-7E,1,F,7.0,29.07.2011,2892,0,1,1,1,3
256,AMOS 2-B,1,ISR,-4.0,25.05.2009,2952,0,1,1,1,3
17,EXPRESS-5B,1,RUS,53.0,26.02.2006,2966,0,1,1,1,3
224,YAMAL-49E,1,RUS,49.0,04.12.2012,3077,0,1,1,1,3
385,ROSCOM-4,2,RUS,49.0,15.01.1999,3077,0,1,1,1,3
1232,STATSIONAR-24,2,RUS,49.0,28.09.2005,3077,0,1,1,1,3
1500,EXPRESS-7B,1,RUS,90.0,09.02.2004,3077,0,1,1,1,3
1509,YAMAL-E5-1,1,RUS,163.5,31.03.2022,3077,0,1,1,1,3
953,ENSAT-23E,3,RUS,23.0,13.01.2021,3242,0,1,1,1,3
722,KYPROS-ORION,1,CYP,89.5,22.09.2017,3333,0,1,1,1,3
1312,HISPASAT 2A 36W,2,E,-36.0,14.05.2015,3333,0,1,1,1,3
1337,MEASAT-1A,1,MLA,91.5,31.05.2022,3333,0,1,1,1,3
1446,CD-SAT 123.1W,1,F,-123.1,17.04.2019,3333,0,1,1,1,3
1506,SE-KA-28W,1,NOR,-28.0,02.10.2018,3333,0,1,1,1,3
285,POTOK-3,1,RUS,-168.0,09.10.2000,3363,0,1,1,1,3
607,FOTON-3,1,RUS,-168.0,09.10.2000,3363,0,1,1,1,3
1676,STATSIONAR-M2,1,RUS,-3.0,15.01.1999,3470,0,1,1,1,3
293,RUSATCOM-145E,1,RUS,145.0,14.06.2017,3545,0,1,1,1,3
678,EXPRESS-2B,1,RUS,-14.0,26.02.2006,3545,0,1,1,1,3
862,VOLNA-6R,1,RUS,145.0,29.03.2016,3545,0,1,1,1,3
384,ROSCOM-4,1,RUS,49.0,15.01.1999,3698,0,1,1,1,3
737,WSDRN,1,RUS,-16.0,09.10.2000,3728,0,1,1,1,3
1652,PSN-146E,1,INS,146.0,29.06.2022,3805,0,1,1,1,3
144,EUROPESTAR-47.5E,2,D,47.5,26.03.2013,3928,0,1,1,1,3
917,KUPON-1S,1,RUS,55.0,25.12.2002,4061,0,1,1,1,3
933,KUPON-1T,1,RUS,55.0,21.12.2004,4061,0,1,1,1,3
1222,KUPON-1,1,RUS,55.0,15.01.1999,4061,0,1,1,1,3
968,IRANSAT-43.5E,2,IRN,43.5,14.07.2021,4204,0,1,1,1,3
341,POTOK-2,1,RUS,80.0,09.10.2000,4241,0,1,1,1,3
477,FOTON-2,1,RUS,80.0,09.10.2000,4241,0,1,1,1,3
520,EUTELSAT 2-36E,1,F,36.0,30.09.1998,4319,0,1,1,1,3
615,EUTELSAT 3-36E,1,F,36.0,16.04.2002,4319,0,1,1,1,3
1655,VOLNA-8R,1,RUS,80.0,23.10.2007,4355,0,1,1,1,3
1046,EXPRESS-9B,1,RUS,103.0,26.02.2006,4366,0,1,1,1,3
109,INTERBELAR-2,1,RUS,75.0,15.05.2017,4523,0,1,1,1,3
604,PACIFISAT KA-2 159E,1,PNG,159.0,14.06.2017,4523,0,1,1,1,3
922,INTERSPUTNIK-75E-Q,1,RUS,75.0,15.05.2017,4523,0,1,1,1,3
1162,PACIFISAT C/KU-2,1,PNG,159.0,24.09.2014,4523,0,1,1,1,3
193,INTERSPUTNIK-75E-CK,1,RUS,75.0,15.05.2017,4584,0,1,1,1,3
1633,VOLNA-11,1,RUS,35.0,27.07.1999,4585,0,1,1,1,3
391,EXPRESS-7,1,RUS,90.0,09.12.2004,4590,0,1,1,1,3
840,ARSAT-D,1,ARG,-81.0,02.01.2019,4624,0,1,1,1,3
967,IRANSAT-43.5E,1,IRN,43.5,14.07.2021,4624,0,1,1,1,3
94,USASAT-55L,1,USA,169.0,27.07.2017,4627,1,1,1,0,3
47,ASIASAT-1,1,CHN,105.5,04.06.1998,4717,0,1,1,1,3
247,ASIASAT-CKX,1,CHN,105.5,04.02.1999,4717,0,1,1,1,3
411,PALAPA-C4-B,1,INS,150.5,08.03.2017,4717,0,1,1,1,3
433,PALAPA-C4-K,1,INS,150.5,08.03.2017,4717,0,1,1,1,3
808,PALAPA-C4,1,INS,150.5,08.03.2017,4717,0,1,1,1,3
883,ASIASAT-CK,1,CHN,105.5,26.08.2015,4717,0,1,1,1,3
1223,ASIASAT-CK1,1,CHN,105.5,04.02.1999,4717,0,1,1,1,3
1238,ASIASAT-CKZ,1,CHN,105.5,22.05.2012,4717,0,1,1,1,3
1246,ASIASAT-CKS,1,CHN,105.5,19.03.2004,4717,0,1,1,1,3
1344,PALAPA-C4-A,1,INS,150.5,08.03.2017,4717,0,1,1,1,3
925,GARUDA-2,1,INS,123.0,20.11.2020,5236,0,1,1,1,3
539,DFS II-1,1,D,23.5,02.09.2004,5303,0,1,1,1,3
92,PALAPA-C3-K,3,INS,118.0,14.08.2017,5797,0,1,1,1,3
1077,PALAPA-B3-EC,2,INS,118.0,14.08.2017,5797,0,1,1,1,3
650,VOLNA-4R,1,RUS,40.0,23.10.2007,5849,0,1,1,1,3
1090,CSSRD-2,1,RUS,77.0,09.10.2000,5970,0,1,1,1,3
627,ESDRN,1,RUS,-160.0,06.11.2000,6012,0,1,1,1,3
208,GALS-11,1,RUS,-3.0,27.07.1999,6050,0,1,1,1,3
1150,GALS-12,1,RUS,15.0,27.07.1999,6053,0,1,1,1,3
1521,VOLNA-21,1,RUS,1.0,27.07.1999,6143,0,1,1,1,3
1543,VOLNA-19,1,RUS,70.0,27.07.1999,6146,0,1,1,1,3
816,VOLNA-23,1,RUS,15.0,27.07.1999,6158,0,1,1,1,3
848,CSDRN,1,RUS,95.0,06.11.2000,6269,0,1,1,1,3
1189,POTOK-1,1,RUS,-13.5,09.10.2000,6355,0,1,1,1,3
1289,FOTON-1,1,RUS,-13.5,09.10.2000,6355,0,1,1,1,3
707,VOLNA-13,1,RUS,-26.5,27.07.1999,6373,0,1,1,1,3
1510,VOLNA-17,1,RUS,23.0,27.07.1999,6374,0,1,1,1,3
846,VOLNA-15,1,RUS,8.0,27.07.1999,6375,0,1,1,1,3
1055,GALS-7,1,RUS,8.0,27.07.1999,6375,0,1,1,1,3
978,GALS-8,1,RUS,23.0,27.07.1999,6377,0,1,1,1,3
1511,STATSIONAR-D5,1,RUS,85.4,07.11.2000,6468,0,1,1,1,3
1637,STATSIONAR-D3,1,RUS,35.0,07.11.2000,6498,0,1,1,1,3
177,TOR-6,1,RUS,128.0,28.08.2000,6541,0,1,1,1,3
335,GALS-10,1,RUS,128.0,28.08.2000,6541,0,1,1,1,3
687,STATSIONAR-D6,1,RUS,128.0,07.11.2000,6541,0,1,1,1,3
1048,GALS-9,1,RUS,-25.0,28.08.2000,6575,0,1,1,1,3
1677,VOLNA-1A,1,RUS,-25.0,28.08.2000,6575,0,1,1,1,3
1143,GALS-15,1,RUS,1.0,27.07.1999,6602,0,1,1,1,3
1274,GALS-14,1,RUS,69.0,27.07.1999,6605,0,1,1,1,3
1479,INTERSPUTNIK-3W,1,RUS,-3.0,26.07.2018,6662,0,1,1,1,3
514,VOLNA-9,1,RUS,128.0,22.07.1999,6828,0,1,1,1,3
417,INTERSPUTNIK-17E,1,RUS,17.0,26.05.2003,7018,0,1,1,1,3
91,PALAPA-C3-K,2,INS,118.0,14.08.2017,7153,0,1,1,1,3
322,GALS-17,1,RUS,12.0,27.07.1999,7157,0,1,1,1,3
1260,GALS-13,1,RUS,49.0,27.07.1999,7203,0,1,1,1,3
1591,VOLNA-27,1,RUS,12.0,27.07.1999,7270,0,1,1,1,3
719,VOLNA-25,1,RUS,49.0,27.07.1999,7273,0,1,1,1,3
201,STATSIONAR-10,2,RUS,-170.0,28.09.2005,7274,0,1,1,1,3
845,VSSRD-2,1,RUS,167.0,06.11.2000,8034,0,1,1,1,3
1033,TOR-5,1,RUS,-170.0,28.08.2000,8045,0,1,1,1,3
871,TOR-3,1,RUS,45.0,28.08.2000,8055,0,1,1,1,3
1615,STATSIONAR-D4,1,RUS,45.0,07.11.2000,8055,0,1,1,1,3
855,TOR-4,1,RUS,85.0,28.08.2000,8106,0,1,1,1,3
864,ZSSRD-2,1,RUS,-16.0,06.11.2000,8341,0,1,1,1,3
937,GALS-6,1,RUS,35.0,28.08.2000,9446,0,1,1,1,3
4,GALS-5,1,RUS,130.0,28.08.2000,9460,0,1,1,1,3
14,GALS-2,1,RUS,45.0,28.08.2000,9800,0,1,1,1,3
1476,VOLNA-3,1,RUS,45.0,28.08.2000,9800,0,1,1,1,3
114,GALS-3,1,RUS,85.0,28.08.2000,9846,0,1,1,1,3
1355,VOLNA-5,1,RUS,85.0,28.08.2000,9846,0,1,1,1,3
127,GALS-4,1,RUS,-170.0,28.08.2000,9848,0,1,1,1,3
549,VOLNA-7,1,RUS,-170.0,28.08.2000,9848,0,1,1,1,3
913,GALS-1,1,RUS,-26.5,28.08.2000,9859,0,1,1,1,3
438,VOLNA-8,1,RUS,90.0,07.11.2000,10303,0,1,1,1,3
420,VOLNA-6,1,RUS,140.0,07.11.2000,10928,0,1,1,1,3
1491,VOLNA-4,1,RUS,53.0,07.11.2000,10928,0,1,1,1,3
1364,VOLNA-2,1,RUS,-14.0,20.02.2016,11567,0,1,1,1,3
337,STATSIONAR-1,1,RUS,80.0,19.06.2015,13714,0,1,1,1,3
1654,PSN-146E,3,INS,146.0,29.06.2022,3333,0,0,1,1,2
1523,YAMAL-E3,1,RUS,81.75,15.01.1999,4778,0,0,1,1,2
1572,GIBSAT A1,1,G,-105.0,06.07.2006,7106,1,1,n/a,n/a,2
202,NEW DAWN 27,1,PNG,68.5,03.10.2017,170,0,0,0,1,1
517,B-SAT-1Q,1,B,-61.0,29.05.2013,359,0,0,0,1,1
1148,HISPASAT-3A,1,E,-30.0,27.06.2016,412,0,0,0,1,1
242,QATARSAT-6,1,QAT,25.5,31.01.2016,548,0,0,0,1,1
648,F-SAT-N-E-25.5E,1,F,25.5,27.05.2016,562,0,0,0,1,1
1672,ARABSAT 5B-26E,1,ARS,26.0,28.06.2010,608,0,1,n/a,n/a,1
311,PACIFISAT KA-75E,1,PNG,75.0,09.09.2014,723,0,0,0,1,1
357,AUSSAT D 156E FSS,2,AUS,156.0,10.05.2021,723,0,0,0,1,1
595,PACIFISAT-S-75E,2,PNG,75.0,12.08.2019,723,0,0,0,1,1
73,ASIASAT-120V,1,CHN,120.0,26.12.2014,731,0,0,0,1,1
319,ASIASAT-CKW,1,CHN,105.5,16.07.2015,902,0,0,0,1,1
1057,AMS-CK-4W,2,ISR,-4.0,28.02.2017,902,0,0,0,1,1
464,BLUE1,1,PNG,-95.0,08.09.2017,963,0,0,0,1,1
56,AUSSAT C 156E FSS,3,AUS,156.0,10.05.2021,988,0,0,0,1,1
889,LUX-G6-8,1,LUX,28.2,28.11.2014,1018,1,n/a,n/a,n/a,1
948,LUX-G6-9,2,LUX,31.5,28.11.2014,1018,1,n/a,n/a,n/a,1
797,INTERSPUTNIK-3W-CK,1,RUS,-3.0,26.07.2018,1065,0,0,0,1,1
693,BIFROST-0.8W-2010-KA,1,NOR,-0.8,29.10.2015,1089,0,0,0,1,1
1505,BIFROST-0.8W-2010,1,NOR,-0.8,29.10.2015,1089,0,0,0,1,1
1360,AUS-NBN-3,1,AUS,140.0,20.03.2013,1170,0,0,0,1,1
1343,AUS-NBN-4,1,AUS,145.0,20.03.2013,1323,0,0,0,1,1
172,NSS-G2-18,3,HOL,95.0,23.10.2015,1347,1,n/a,n/a,n/a,1
110,INTERBELAR-2,2,RUS,75.0,15.05.2017,1370,0,0,0,1,1
194,INTERSPUTNIK-75E-CK,2,RUS,75.0,15.05.2017,1370,0,0,0,1,1
923,INTERSPUTNIK-75E-Q,2,RUS,75.0,15.05.2017,1370,0,0,0,1,1
1211,PACIFISAT-1,1,PNG,75.0,13.04.2017,1370,0,0,0,1,1
1240,N-SAT-154E,1,J,154.0,13.01.2016,1446,0,0,0,1,1
962,F-SAT-N4-65W,1,F,-65.0,20.05.2021,1485,0,0,0,1,1
51,RAGGIANA-2,1,PNG,-65.0,03.02.2017,1514,0,0,0,1,1
404,B-SAT-1R-1,1,B,-65.0,04.10.2018,1514,0,0,0,1,1
1064,UKMMSAT-B1,1,G,31.0,02.06.2016,1570,1,n/a,n/a,n/a,1
412,PALAPA-C4-B,2,INS,150.5,08.03.2017,1581,0,0,0,1,1
434,PALAPA-C4-K,2,INS,150.5,08.03.2017,1581,0,0,0,1,1
1346,PALAPA-C4-A,3,INS,150.5,08.03.2017,1581,0,0,0,1,1
306,LUX-G7-7,1,LUX,23.5,11.08.2016,1640,1,n/a,n/a,n/a,1
240,N-SAT-Y12-144E,1,J,144.0,30.10.2018,1675,0,0,0,1,1
915,N-SAT-Y15-132E,1,J,132.0,19.08.2021,1675,0,0,0,1,1
991,N-SAT-Y12-136E,1,J,136.0,25.02.2019,1675,0,0,0,1,1
1037,N-SAT-Y12-150E,1,J,150.0,11.11.2016,1675,0,0,0,1,1
1453,N-SAT-Y15-124E,1,J,124.0,09.01.2020,1675,0,0,0,1,1
1585,N-SAT-Y17-90.75E,1,J,90.75,12.05.2021,1675,0,0,0,1,1
1682,N-SAT-Y15-136E,1,J,136.0,19.08.2021,1675,0,0,0,1,1
40,RAGGIANA-5,1,PNG,-97.0,18.12.2016,1766,0,0,0,1,1
31,THAICOM-G3K,1,THA,142.0,02.11.2004,1782,0,0,0,1,1
1532,THAICOM-G1K,1,THA,78.5,02.11.2004,1782,0,0,0,1,1
747,B-SAT-1N-1,1,B,-84.0,05.10.2018,1795,0,0,0,1,1
989,B-SAT-2N-1,1,B,-84.0,15.06.2022,1795,0,0,0,1,1
197,N-SAT-Y15-93E,2,J,93.0,18.03.2022,1812,0,0,0,1,1
1130,BULSAT-1.9E,1,BUL,1.9,13.06.2018,1934,0,0,0,1,1
289,N-SAT-Y12-128E,2,J,128.0,08.02.2019,2012,0,0,0,1,1
396,N-SAT-Y15-128E,2,J,128.0,08.02.2019,2012,0,0,0,1,1
603,NBSAT-21BX,1,J,109.85,15.03.2019,2055,0,0,0,1,1
714,YAHSAT-G6-17.5W,1,UAE,-17.5,07.11.2017,2093,1,n/a,n/a,n/a,1
1089,HISPASAT-20A,1,E,-30.0,16.12.2020,2212,0,0,0,1,1
1424,HISPASAT-10A,1,E,-30.0,06.06.2019,2212,0,0,0,1,1
886,JCSAT-FO-136E,3,J,136.0,19.11.2004,2267,0,0,0,1,1
1353,N-STAR-B2,3,J,136.0,14.11.2003,2267,0,0,0,1,1
1457,N-STAR-A2,3,J,132.0,14.11.2003,2267,0,0,0,1,1
1605,JCSAT-FO-132E,3,J,132.0,19.11.2004,2267,0,0,0,1,1
1667,G4SAT-138E,1,CHN,138.0,12.09.2018,2291,0,0,0,1,1
228,B-SAT-1I-1,1,B,-63.0,05.10.2018,2350,0,0,0,1,1
234,THAICOM-P3,1,THA,119.5,05.06.2018,2525,0,0,0,1,1
1527,NUSANTARA-PE1-A,1,INS,146.0,13.07.2021,2565,0,0,0,1,1
21,HISPASAT-2AKA,1,E,-30.0,05.04.2004,2632,0,0,0,1,1
346,HISPASAT-2A X,2,E,-30.0,14.01.2003,2632,0,0,0,1,1
982,HISPASAT-2B 30KA,1,E,-30.0,05.04.2004,2632,0,0,0,1,1
1207,SECOMSAT-4-30W,1,E,-30.0,12.09.2022,2632,0,0,0,1,1
765,F-SAT-N5-7E,1,F,7.0,05.07.2021,2683,0,0,0,1,1
1187,F-SAT-N3-7E,1,F,7.0,18.05.2020,2683,0,0,0,1,1
904,NSS-G4-26,1,HOL,95.0,25.06.2019,2688,1,n/a,n/a,n/a,1
541,SECOMSAT B29E,1,E,29.0,05.04.2004,2708,0,0,0,1,1
345,HISPASAT-2A X,1,E,-30.0,14.01.2003,2861,0,0,0,1,1
380,PACIFISAT-5,1,PNG,61.0,26.03.2015,2894,0,0,0,1,1
192,B-SAT I,2,B,-63.0,14.11.2002,2956,0,0,0,1,1
1001,APSTAR-5-KU,1,CHN,138.0,31.10.2003,3027,0,0,0,1,1
1126,TONGASAT-2/138E,1,TON,138.0,03.05.2009,3027,0,0,0,1,1
1378,CHINASAT-138E,1,CHN,138.0,26.06.2008,3027,0,0,0,1,1
555,EMARSAT-10F,1,UAE,44.0,21.06.2020,3050,1,n/a,n/a,n/a,1
625,UKMMSAT-B,1,G,-33.5,02.11.2020,3184,1,n/a,n/a,n/a,1
769,THAICOM-C1,1,THA,50.5,19.10.2010,3232,0,0,0,1,1
496,INTELSAT8 57E,1,HOL,57.0,12.11.2001,3746,1,n/a,n/a,n/a,1
754,EUROPE*STAR-3,1,D,47.5,17.04.2000,4246,0,0,0,1,1
1171,EUROPESTAR-45E,1,D,45.0,18.12.2012,4246,0,0,0,1,1
1578,EUROPE*STAR-1,1,D,45.0,09.09.1999,4246,0,0,0,1,1
105,PACSTAR-L4,1,PNG,-121.0,11.06.2015,4525,0,0,0,1,1
1467,INMARSAT-3 AOR WEST3,1,G,-98.0,18.06.1999,4624,1,n/a,n/a,n/a,1
582,DFH-4-OD,1,CHN,115.5,21.04.1998,4748,0,0,0,1,1
1078,PALAPA-B3-EC,3,INS,118.0,14.08.2017,4778,0,0,0,1,1
909,INTELSAT5A INDOC2,1,HOL,57.0,29.10.1998,4856,1,n/a,n/a,n/a,1
1167,INTELSAT7 57E,1,HOL,57.0,29.10.1998,4856,1,n/a,n/a,n/a,1
368,EMARSAT-1F,1,UAE,44.0,22.09.1998,4893,1,n/a,n/a,n/a,1
264,USCSID-A3,1,USA,75.0,14.09.1998,4901,1,n/a,n/a,n/a,1
1517,APSTAR-4,1,CHN,76.5,21.04.1998,5233,0,0,0,1,1
1610,APSTAR-76E,1,CHN,76.5,26.06.2008,5233,0,0,0,1,1
1235,SUPERBIRD-A2-R,1,J,158.0,16.12.2009,5325,0,0,0,1,1
657,THAICOM-A2B,2,THA,78.5,04.05.2007,5432,0,0,0,1,1
505,PALAPA PAC-C 146E,4,INS,146.0,02.02.2017,5508,0,0,0,1,1
758,PALAPA PAC-KU 146E,4,INS,146.0,02.02.2017,5508,0,0,0,1,1
810,PALAPA-C4,3,INS,150.5,08.03.2017,5753,0,0,0,1,1
483,N-STAR-B,1,J,136.0,07.03.2000,5853,0,0,0,1,1
1334,N-STAR-A,5,J,132.0,28.09.1998,5853,0,0,0,1,1
1354,N-STAR-B2,4,J,136.0,14.11.2003,5853,0,0,0,1,1
940,ASIASAT-E,2,CHN,100.5,02.11.2009,5922,0,0,0,1,1
360,JCSAT-FO-128E,2,J,128.0,26.12.2005,6013,0,0,0,1,1
867,JCSAT-FO-150E,2,J,150.0,26.12.2005,6013,0,0,0,1,1
984,D-STAR-1,2,J,132.0,10.06.2004,6013,0,0,0,1,1
1093,JCSAT-FO-124E,2,J,124.0,26.12.2005,6013,0,0,0,1,1
1333,N-STAR-A,4,J,132.0,28.09.1998,6013,0,0,0,1,1
1458,N-STAR-A2,4,J,132.0,14.11.2003,6013,0,0,0,1,1
1617,JCSAT-FO-154E,2,J,154.0,26.12.2005,6013,0,0,0,1,1
261,TURKSAT-C50E,2,TUR,50.0,13.01.2005,6117,0,0,0,1,1
1294,TURKSAT-50E-A,1,TUR,50.0,12.01.2009,6117,0,0,0,1,1
482,INSAT-EK55,1,IND,55.0,21.11.2003,6528,0,0,0,1,1
536,INSAT-EK55R,1,IND,55.0,19.04.2004,6528,0,0,0,1,1
1157,INSAT-KU10(55)E,1,IND,55.0,26.05.2009,6528,0,0,0,1,1
20,SUPERBIRD-A2,2,J,158.0,16.04.2004,6969,0,0,0,1,1
142,SUPERBIRD-A,3,J,158.0,28.09.1998,6969,0,0,0,1,1
1004,SUPERBIRD-B,1,J,162.0,28.09.1998,7364,0,0,0,1,1
290,APSTAR-76E-R,1,CHN,76.5,14.06.2012,1,0,0,0,0,0
504,PALAPA PAC-C 146E,3,INS,146.0,02.02.2017,12,0,0,0,0,0
757,PALAPA PAC-KU 146E,3,INS,146.0,02.02.2017,12,0,0,0,0,0
1363,EDRS-31E,1,F,31.0,19.04.2019,16,0,0,0,0,0
842,COMPASS-58.75E,2,CHN,58.75,16.01.2017,21,0,0,0,0,0
1588,N-SAT-124E,1,J,124.0,18.06.2012,37,0,0,0,0,0
284,NIGCOMSAT-1R,1,NIG,42.5,27.09.2011,54,0,0,0,0,0
725,ADF WEST-2,1,AUS,88.0,17.04.2012,60,0,0,0,0,0
786,DDSP-2,1,AUS,88.0,17.04.2012,60,0,0,0,0,0
523,CHNSAT-98E,1,CHN,98.2,18.01.2012,76,0,0,0,0,0
1107,VIETSAT-132,1,VTN,131.9,14.08.2015,76,0,0,0,0,0
676,INTERSPUTNIK-16W-4,2,RUS,-16.0,11.03.2016,81,0,0,0,0,0
772,INTERSPUTNIK-16W-2,2,RUS,-16.0,11.03.2016,81,0,0,0,0,0
798,INTERSPUTNIK-3W-CK,2,RUS,-3.0,26.07.2018,81,0,0,0,0,0
733,ADF WEST-5,2,AUS,104.0,04.06.2010,83,0,0,0,0,0
1440,F-SAT-N-E-16E,1,F,16.0,27.05.2016,130,0,0,0,0,0
1567,F-SAT-N3-16E,1,F,16.0,10.04.2020,130,0,0,0,0,0
1250,F-SAT-N3-7W,1,F,-7.0,19.05.2020,143,0,0,0,0,0
1258,F-SAT-KU-E-7W,2,F,-7.0,19.11.2013,143,0,0,0,0,0
437,CHNSAT-2-130E,1,CHN,130.0,16.09.2011,145,0,0,0,0,0
670,ARABSAT 5C-20E,1,ARS,20.0,20.06.2011,166,0,0,0,0,0
1140,ARABSAT 7C-20E,1,ARS,20.0,05.10.2015,166,0,0,0,0,0
255,SIRIUS-5E,1,S,5.0,09.08.2012,177,0,n/a,n/a,n/a,0
818,SIRIUS-P,1,S,5.0,09.08.2012,177,0,n/a,n/a,n/a,0
1409,EUTELSAT-B1-16E,1,F,16.0,14.08.2012,182,0,n/a,n/a,n/a,0
879,NILESAT-301-7W,2,EGY,-7.0,16.08.2012,184,0,n/a,n/a,n/a,0
1180,EUTELSAT-B1-7E,1,F,7.0,16.08.2012,184,0,n/a,n/a,n/a,0
1656,PAKSAT-1R1,1,PAK,38.0,18.03.2015,185,0,0,0,0,0
189,CTDRS-2-176.8E,1,CHN,176.8,25.10.2013,197,0,0,0,0,0
1423,CTDRS-2-167E,1,CHN,167.0,06.05.2011,197,0,0,0,0,0
309,CTDRS-2-20.4E,1,CHN,20.4,12.01.2012,198,0,0,0,0,0
820,CTDRS-2-16.8E,1,CHN,16.8,06.03.2015,198,0,0,0,0,0
1280,CTDRS-2-10.6E,1,CHN,10.6,06.03.2015,198,0,0,0,0,0
546,INSAT-TTC(83)E,1,IND,83.0,10.04.2013,228,0,0,0,0,0
1670,INSAT-NAVR(83),1,IND,83.0,26.11.2015,230,0,0,0,0,0
694,CHINASAT-D-110.5E,1,CHN,110.5,25.02.2021,244,0,0,0,0,0
959,SINOSAT-5,1,CHN,110.5,27.10.2012,244,0,0,0,0,0
1644,CHINASAT-DL4,1,CHN,110.5,06.11.2017,244,0,0,0,0,0
79,COMPASS-80E,3,CHN,80.0,29.08.2019,251,0,0,0,0,0
1489,COMPASS-B-84E,1,CHN,84.0,23.06.2016,252,0,0,0,0,0
863,ST-2A-CK,1,SNG,88.0,03.09.2012,258,0,0,0,0,0
892,CTDRS-2-171E,1,CHN,171.0,25.10.2013,261,0,0,0,0,0
147,DFH-3-OC M,1,CHN,87.5,19.06.2013,265,0,0,0,0,0
214,CHINASAT-D-87.5E,2,CHN,87.5,25.02.2021,265,0,0,0,0,0
382,CHINASAT-ROUTE1,1,CHN,51.5,24.09.2013,265,0,0,0,0,0
1307,CHINASAT-A5,1,CHN,87.5,15.03.2016,265,0,0,0,0,0
750,F-SAT-N-E-21.5E,1,F,21.5,26.05.2016,270,0,0,0,0,0
1396,F-SAT-N3-21.5E,1,F,21.5,28.05.2020,270,0,0,0,0,0
1015,INSAT-KU11(55)E,1,IND,55.0,14.09.2011,274,0,0,0,0,0
1195,INSAT-NAV(55),1,IND,55.0,18.03.2013,274,0,0,0,0,0
1374,B-SAT-1S,1,B,-75.0,21.10.2013,275,0,0,0,0,0
762,INSAT-TTC(55)E,1,IND,55.0,10.04.2013,289,0,0,0,0,0
746,F-SAT-N-E-70.5E,2,F,70.5,25.05.2016,293,0,0,0,0,0
1392,F-SAT-N3-70.5E,1,F,70.5,10.05.2019,293,0,0,0,0,0
157,THAICOM-N1,1,THA,50.5,11.10.2011,319,0,0,0,0,0
753,MEASAT-46E-R,1,MLA,46.0,15.01.2013,350,0,0,0,0,0
1357,MEASAT-46E,1,MLA,46.0,15.01.2013,350,0,0,0,0,0
1481,SIRIUS-5E-2,2,S,5.0,31.01.2013,352,0,n/a,n/a,n/a,0
269,CHINASAT-ROUTE7,2,CHN,115.5,19.02.2014,442,0,0,0,0,0
1315,CHINASAT-ROUTE15,1,CHN,163.0,24.09.2013,442,0,0,0,0,0
136,CHINASAT-E-113E,1,CHN,113.0,08.09.2022,443,0,0,0,0,0
921,CHINASAT-C20,2,CHN,126.0,31.05.2019,443,0,0,0,0,0
1121,CHINASAT-E-85.5E,1,CHN,85.5,24.11.2022,443,0,0,0,0,0
1570,CHNSAT-130E,1,CHN,130.0,28.10.2010,443,0,0,0,0,0
467,COMPASS-160E,2,CHN,160.0,16.01.2017,470,0,0,0,0,0
65,ALPHASAT TDP5,1,I,25.0,25.01.2013,487,0,0,0,0,0
355,CHINASAT-ROUTE8,5,CHN,125.0,18.07.2022,498,0,0,0,0,0
712,CHINASAT-DL6,5,CHN,125.0,18.07.2022,498,0,0,0,0,0
1624,CHINASAT-D-125E,2,CHN,125.0,25.02.2021,498,0,0,0,0,0
1499,SICRAL-4-37E,1,I,37.0,30.04.2013,502,0,0,0,0,0
69,INSAT-G5(74),1,IND,74.0,08.01.2014,518,0,0,0,0,0
898,INSAT-KU11(74)E,1,IND,74.0,07.01.2014,518,0,0,0,0,0
1687,INSAT-KAUHF (74),1,IND,74.0,07.01.2014,518,0,0,0,0,0
1611,CHINASAT-MSB5,1,CHN,125.0,13.06.2010,529,0,0,0,0,0
588,INSAT-MET82E,1,IND,82.0,25.11.2013,533,0,0,0,0,0
1018,INSAT-TTC(82)E,1,IND,82.0,25.11.2013,533,0,0,0,0,0
830,ARSAT-M,1,ARG,-81.0,28.01.2022,578,0,0,0,0,0
1006,SE-KA-117.5E,1,NOR,117.5,16.04.2021,578,0,0,0,0,0
1116,AMS-B7-13.8E,2,ISR,13.8,29.08.2019,578,0,0,0,0,0
1119,SMMSAT-7R,1,S,159.0,14.09.2021,578,0,0,0,0,0
1142,AUSSAT F 156E,1,AUS,156.0,29.06.2020,578,0,0,0,0,0
1349,AMS-B2-13.8E,1,ISR,13.8,24.03.2019,578,0,0,0,0,0
29,COMPASS-110.5E,2,CHN,110.5,16.01.2017,622,0,0,0,0,0
1449,NILESAT-301-7W,1,EGY,-7.0,07.02.2010,623,0,0,0,0,0
455,ARABSAT 2-A,2,ARS,30.5,07.04.2010,669,0,0,0,0,0
586,ARABSAT 5A-30.5E,1,ARS,30.5,03.07.2010,669,0,0,0,0,0
734,ARABSAT 7A-30.5E,1,ARS,30.5,05.10.2015,669,0,0,0,0,0
1427,ARABSAT-KA-30.5E,2,ARS,30.5,21.04.2011,669,0,0,0,0,0
1305,THAICOM-Q2,2,THA,78.5,27.08.2020,671,0,0,0,0,0
1135,TUPAK KATARI-1,1,BOL,-87.2,14.11.2014,675,0,0,0,0,0
653,DDSP-104E,1,AUS,104.0,09.05.2012,679,0,0,0,0,0
732,ADF WEST-5,1,AUS,104.0,04.06.2010,679,0,0,0,0,0
522,COMPASS-80.3E,1,CHN,80.3,11.02.2019,715,0,0,0,0,0
54,AUSSAT C 156E FSS,1,AUS,156.0,10.05.2021,723,0,0,0,0,0
111,INTERBELAR-2,3,RUS,75.0,15.05.2017,723,0,0,0,0,0
195,INTERSPUTNIK-75E-CK,3,RUS,75.0,15.05.2017,723,0,0,0,0,0
495,ATHENA-FIDUS-38E,1,F,38.0,10.02.2015,723,0,0,0,0,0
924,INTERSPUTNIK-75E-Q,3,RUS,75.0,15.05.2017,723,0,0,0,0,0
1212,PACIFISAT-1,2,PNG,75.0,13.04.2017,723,0,0,0,0,0
466,COMPASS-160E,1,CHN,160.0,16.01.2017,730,0,0,0,0,0
1321,COMPASS-140E,2,CHN,140.0,16.01.2017,737,0,0,0,0,0
148,F-SAT-B1-E-3E,1,F,3.0,03.07.2015,832,0,0,0,0,0
705,F-SAT-N-E-3E,1,F,3.0,26.05.2016,832,0,0,0,0,0
1313,F-SAT-N3-3E,1,F,3.0,20.04.2020,832,0,0,0,0,0
1030,TURKSAT-42E-B,1,TUR,42.0,24.06.2014,861,0,n/a,n/a,n/a,0
82,COMS-128.2E,1,KOR,128.2,31.03.2009,877,0,0,0,0,0
1043,PALAPA-C1-B,2,INS,113.0,13.07.2021,897,0,0,0,0,0
1088,PALAPA-C1-K,2,INS,113.0,13.07.2021,897,0,0,0,0,0
1537,PALAPA-C1,2,INS,113.0,13.07.2021,897,0,0,0,0,0
1108,GENESIS-9,1,D,63.0,31.07.2008,937,0,0,0,0,0
1184,GENESIS-8,1,D,13.0,31.07.2008,937,0,0,0,0,0
1513,F-SAT-N3-33E,1,F,33.0,26.05.2020,961,0,0,0,0,0
443,MEASAT-1,5,MLA,91.5,31.05.2022,975,0,0,0,0,0
996,MEASAT-AK 91.5,3,MLA,91.5,31.05.2022,975,0,0,0,0,0
1340,MEASAT-1A,4,MLA,91.5,31.05.2022,975,0,0,0,0,0
1550,NAHUEL-C,2,ARG,-72.0,07.01.2015,975,0,0,0,0,0
1671,INSAT-NAVR(83),2,IND,83.0,26.11.2015,975,0,0,0,0,0
55,AUSSAT C 156E FSS,2,AUS,156.0,10.05.2021,988,0,0,0,0,0
356,AUSSAT D 156E FSS,1,AUS,156.0,10.05.2021,989,0,0,0,0,0
503,PALAPA PAC-C 146E,2,INS,146.0,02.02.2017,1002,0,0,0,0,0
756,PALAPA PAC-KU 146E,2,INS,146.0,02.02.2017,1002,0,0,0,0,0
248,HIMAWARI-140E,1,J,140.7,15.02.2017,1005,0,0,0,0,0
343,HIMAWARI-8-140E,1,J,140.7,06.02.2015,1005,0,0,0,0,0
1475,INTERSPUTNIK-3W-Q,2,RUS,-3.0,26.07.2018,1065,0,0,0,0,0
1480,INTERSPUTNIK-3W,2,RUS,-3.0,26.07.2018,1065,0,0,0,0,0
1606,PACIFISAT-3W,1,PNG,-3.0,16.03.2021,1065,0,0,0,0,0
302,LAOSAT-128.5E-A,1,LAO,128.5,08.05.2019,1136,0,0,0,0,0
329,LAOSAT-128.5E,1,LAO,128.5,29.04.2015,1136,0,0,0,0,0
8,GEOSAT-3E,2,F,3.0,28.04.2015,1151,0,0,0,0,0
460,F-SAT-N3-48E,2,F,48.0,19.06.2019,1151,0,0,0,0,0
822,F-SAT-N-E-48E,1,F,48.0,26.05.2016,1151,0,0,0,0,0
749,SICRAL-3H,1,I,11.8,15.02.2008,1185,0,0,0,0,0
806,SICRAL-3A,1,I,16.2,23.12.2008,1185,0,0,0,0,0
1063,SINOSAT-3C,1,CHN,130.0,12.12.2005,1216,0,0,0,0,0
153,JMCS-C2-X,1,J,144.0,28.11.2008,1246,0,0,0,0,0
241,N-SAT-Y12-144E,2,J,144.0,30.10.2018,1279,0,0,0,0,0
318,F-SAT-N3-8W,1,F,-8.0,19.05.2020,1283,0,0,0,0,0
1050,F-SAT-N-E-8W,1,F,-8.0,27.05.2016,1283,0,0,0,0,0
637,DDSP-4,1,AUS,95.0,23.10.2017,1301,0,0,0,0,0
1067,APSTAR-92E,1,CHN,92.2,26.06.2008,1308,0,0,n/a,n/a,0
1319,DFH-4-OAF,1,CHN,155.0,25.03.2015,1324,0,0,0,0,0
489,KYPROS-SAT-5,3,CYP,39.0,03.10.2019,1332,0,0,0,0,0
699,ARABSAT 7B-26E,2,ARS,26.0,02.07.2015,1332,0,0,0,0,0
703,CHINASAT-64,1,CHN,98.0,16.07.2008,1341,0,0,0,0,0
839,CHINASAT-65,1,CHN,103.0,16.07.2008,1341,0,0,0,0,0
174,TURKSAT-42E-A,1,TUR,42.0,12.01.2009,1342,0,0,0,0,0
537,TURKSAT-2B,1,TUR,31.0,23.06.2008,1342,0,0,0,0,0
575,TURKSAT-31E-B,3,TUR,31.0,04.06.2014,1342,0,0,0,0,0
875,TURKSAT-42E-B,2,TUR,42.0,19.06.2014,1342,0,0,0,0,0
1405,TURKSAT-31E-A,1,TUR,31.0,12.01.2009,1342,0,0,0,0,0
283,ZOHREH-2,1,IRN,26.0,01.02.2010,1354,0,0,0,0,0
865,ARABSAT-EXT-C2,1,ARS,26.0,27.04.2008,1354,0,0,0,0,0
1414,ARABSAT 2-C,1,ARS,20.0,27.04.2008,1354,0,0,0,0,0
1583,ARABSAT-KU-26E,2,ARS,26.0,28.06.2010,1354,0,0,0,0,0
1632,INSAT-NAV(93.5),1,IND,93.5,02.12.2016,1354,0,0,0,0,0
1673,ARABSAT 5B-26E,2,ARS,26.0,28.06.2010,1354,0,0,0,0,0
594,PACIFISAT-S-75E,1,PNG,75.0,12.08.2019,1370,0,0,0,0,0
1178,CHNSAT-103E,1,CHN,103.0,25.01.2016,1371,0,0,0,0,0
1120,CHNSAT-81.5E,1,CHN,81.5,25.01.2016,1390,0,0,0,0,0
1249,NEW DAWN 25,1,PNG,-50.0,21.04.2017,1428,0,0,0,0,0
146,SISCOMIS-3A,1,B,-70.0,10.11.2017,1429,0,0,0,0,0
620,B-SAT-1C,1,B,-70.0,12.01.2010,1429,0,0,0,0,0
813,VINASAT-TTC,1,VTN,132.0,05.03.2010,1430,0,0,0,0,0
1124,VINASAT-4A2,1,VTN,132.0,16.06.2007,1430,0,0,0,0,0
1182,VINASAT-4A3,1,VTN,132.0,08.06.2010,1430,0,0,0,0,0
1215,CHINASAT-CL2,1,CHN,51.5,28.07.2017,1461,0,0,0,0,0
621,CTDRS-1-77E,1,CHN,77.0,03.12.2009,1471,0,0,0,0,0
1530,CTDRS-1-80E,1,CHN,80.0,03.12.2009,1471,0,0,0,0,0
1266,INSAT-NAVR(32.5),1,IND,32.5,06.02.2018,1492,0,0,0,0,0
9,GEOSAT-3E,3,F,3.0,28.04.2015,1516,0,0,0,0,0
695,CHINASAT-D-110.5E,2,CHN,110.5,25.02.2021,1522,0,0,0,0,0
1645,CHINASAT-DL4,2,CHN,110.5,06.11.2017,1522,0,0,0,0,0
1665,INSAT-NAVR(129.5),1,IND,129.5,28.03.2018,1522,0,0,0,0,0
1389,COMPASS-B-144.5E,1,CHN,144.5,23.06.2016,1553,0,0,0,0,0
330,F-SAT-N-E-25.5E,1,F,25.5,27.05.2016,1564,0,n/a,n/a,n/a,0
507,F-SAT-N-E-7E,1,F,7.0,27.05.2016,1564,0,n/a,n/a,n/a,0
1408,F-SAT-N-E-16E,1,F,16.0,27.05.2016,1564,0,n/a,n/a,n/a,0
389,AUSSAT B 152E,1,AUS,152.0,24.03.2015,1566,0,0,0,0,0
1304,THAICOM-Q2,1,THA,78.5,27.08.2020,1567,0,0,0,0,0
1342,MEASAT-1A,6,MLA,91.5,31.05.2022,1569,0,0,0,0,0
811,PALAPA-C4,4,INS,150.5,08.03.2017,1581,0,0,0,0,0
1451,B-SAT-1R,1,B,-65.0,13.06.2011,1581,0,0,0,0,0
1555,SISCOMIS-2A,1,B,-65.0,10.11.2017,1581,0,0,0,0,0
182,RAGGIANA-18,1,PNG,-117.0,28.03.2018,1583,0,0,0,0,0
1286,CHNSAT-M-101.4E,1,CHN,101.4,25.01.2016,1583,0,0,0,0,0
312,ARABSAT 7B-26E,1,ARS,26.0,27.06.2016,1595,0,n/a,n/a,n/a,0
680,INSAT-TTC(74)E,1,IND,74.0,10.04.2013,1610,0,0,0,0,0
950,INSAT-2(83),2,IND,83.0,08.12.2010,1612,0,0,0,0,0
30,CHINASAT-49,1,CHN,125.0,22.11.2005,1613,0,0,0,0,0
1430,CHINASAT-115.5E,1,CHN,115.5,27.08.2008,1613,0,0,0,0,0
388,NEW DAWN 44,1,PNG,60.0,04.07.2017,1641,0,0,0,0,0
268,CHINASAT-ROUTE7,1,CHN,115.5,19.02.2014,1644,0,0,0,0,0
689,DFH-5-OD,1,CHN,115.5,13.06.2010,1644,0,0,0,0,0
1502,CHINASAT-DL5,2,CHN,115.5,06.11.2017,1644,0,0,0,0,0
1531,CHINASAT-MSB4,1,CHN,115.5,13.06.2010,1644,0,0,0,0,0
1498,CHINASAT-92.2E,1,CHN,92.2,22.11.2005,1658,0,0,0,0,0
316,NEW DAWN 21,1,PNG,60.0,18.08.2016,1659,0,0,0,0,0
636,GC-4-105.6E,1,CHN,105.6,03.11.2016,1663,0,0,0,0,0
1552,CHINASAT-163E,1,CHN,163.0,20.10.2010,1674,0,0,0,0,0
1612,CHINASAT-MSB5,2,CHN,125.0,13.06.2010,1674,0,0,0,0,0
196,N-SAT-Y15-93E,1,J,93.0,18.03.2022,1675,0,0,0,0,0
288,N-SAT-Y12-128E,1,J,128.0,08.02.2019,1675,0,0,0,0,0
395,N-SAT-Y15-128E,1,J,128.0,08.02.2019,1675,0,0,0,0,0
1650,INSAT-META(74E),1,IND,74.0,08.12.2021,1675,0,0,0,0,0
831,CHINASAT-D-163E,1,CHN,163.0,25.02.2021,1698,0,0,0,0,0
1065,CHINASAT-CL11,1,CHN,163.0,01.06.2017,1698,0,0,0,0,0
499,CTDRS-2-77E,1,CHN,77.0,28.03.2017,1710,0,0,0,0,0
1625,CTDRS-2-80E,1,CHN,80.0,28.03.2017,1710,0,0,0,0,0
473,CHINASAT-D-115.5E,2,CHN,115.5,24.03.2021,1719,0,0,0,0,0
1052,F-SAT-N-E-8W,3,F,-8.0,27.05.2016,1720,0,0,0,0,0
837,DFH-5-01B,1,CHN,107.5,13.01.2017,1721,0,0,0,0,0
1636,DFH-5-01A,1,CHN,94.2,13.01.2017,1721,0,0,0,0,0
472,CHINASAT-D-115.5E,1,CHN,115.5,24.03.2021,1723,0,0,0,0,0
708,CHINASAT-DL6,1,CHN,125.0,18.07.2022,1723,0,0,0,0,0
834,SISCOMIS-4A,1,B,-75.0,10.11.2017,1751,0,0,0,0,0
901,B-SAT-1S-1,1,B,-75.0,10.11.2017,1751,0,0,0,0,0
1234,SINOSAT-92.2E,2,CHN,92.2,13.08.2010,1771,0,0,0,0,0
6,INSAT-TTC(93.5)E,1,IND,93.5,10.04.2013,1780,0,0,0,0,0
1301,B-SAT-2N,2,B,-84.0,06.10.2016,1795,0,0,0,0,0
419,HISPASAT-16A,1,E,-36.0,17.09.2019,1809,0,0,0,0,0
1469,HISPASAT-7A,1,E,-36.0,13.07.2017,1809,0,0,0,0,0
70,JMCS-93E-R,1,J,93.0,12.06.2017,1812,0,0,0,0,0
1039,N-SAT2-93E,1,J,93.0,12.06.2017,1812,0,0,0,0,0
93,PALAPA-C3-K,4,INS,118.0,14.08.2017,1827,0,0,0,0,0
827,PALAPA-C3,2,INS,118.0,14.08.2017,1827,0,0,0,0,0
943,PALAPA-B3,2,INS,118.0,14.08.2017,1827,0,0,0,0,0
1079,PALAPA-B3-EC,4,INS,118.0,14.08.2017,1827,0,0,0,0,0
1253,PALAPA-B3 TT&C,2,INS,118.0,14.08.2017,1827,0,0,0,0,0
212,SMMSAT-2R,1,S,-33.5,19.12.2022,1858,0,0,0,0,0
476,QZSS-GS4,1,J,127.0,29.08.2016,1872,0,0,0,0,0
492,QZSS-GS-A4,1,J,127.0,21.07.2022,1872,0,0,0,0,0
681,INSAT-C-Y17(97.3E),1,IND,97.3,24.08.2021,1887,0,0,0,0,0
272,KOREASAT-116K,1,KOR,116.0,27.04.2017,1907,0,0,0,0,0
630,KOREASAT-116.0E,1,KOR,116.0,27.04.2017,1907,0,0,0,0,0
131,CHNBSAT-K-101.4E,1,CHN,101.4,11.11.2021,1918,0,0,0,0,0
249,HIMAWARI-140E,2,J,140.7,15.02.2017,1919,0,0,0,0,0
494,VNSAT-1A3,1,VTN,117.5,22.05.2017,1927,0,0,0,0,0
799,SE-KA-56.5E,1,NOR,56.5,14.03.2018,1927,0,0,0,0,0
1152,SE-KA-83.5E,1,NOR,83.5,24.05.2017,1927,0,0,0,0,0
1387,ARABSAT 8G-11E,1,ARS,11.0,27.10.2018,1927,0,0,0,0,0
599,NEW DAWN 34,2,PNG,85.0,26.02.2018,1931,0,0,0,0,0
1322,INSAT-KA48E,1,IND,48.0,04.04.2020,1933,0,0,0,0,0
1404,F-SAT-N-172E,1,F,172.0,20.04.2018,1934,0,0,0,0,0
598,NEW DAWN 34,1,PNG,85.0,26.02.2018,1941,0,0,0,0,0
0,AUSSAT B 160E NZ,1,AUS,160.0,28.06.2007,1947,0,0,0,0,0
215,AUSSAT D 160E FSS,1,AUS,160.0,24.03.2015,1947,0,0,0,0,0
216,AUSSAT D 160E FSS,2,AUS,160.0,24.03.2015,1947,0,0,0,0,0
390,AUSSAT B 152E,2,AUS,152.0,24.03.2015,1947,0,0,0,0,0
1068,AUSSAT B 160E S,1,AUS,160.0,28.06.2007,1947,0,0,0,0,0
1069,AUSSAT B 160E S,2,AUS,160.0,28.06.2007,1947,0,0,0,0,0
1563,AUSSAT B 160E,1,AUS,160.0,28.06.2007,1947,0,0,0,0,0
1471,IND-SATS-93.5E,1,IND,93.5,11.02.2020,1948,0,0,0,0,0
1557,INSAT-METD(93.5E),1,IND,93.5,08.12.2021,1948,0,0,0,0,0
1501,CHINASAT-DL5,1,CHN,115.5,06.11.2017,1963,0,0,0,0,0
1320,COMPASS-140E,1,CHN,140.0,16.01.2017,1993,0,0,0,0,0
1233,SINOSAT-92.2E,1,CHN,92.2,13.08.2010,2008,0,0,0,0,0
1161,KOREASAT-113K,1,KOR,113.0,31.05.2017,2009,0,0,0,0,0
28,COMPASS-110.5E,1,CHN,110.5,16.01.2017,2057,0,0,0,0,0
914,CHNSAT-118E,1,CHN,118.0,19.10.2017,2059,0,0,0,0,0
656,THAICOM-A2B,1,THA,78.5,04.05.2007,2063,0,0,0,0,0
1021,THAICOM-N2,1,THA,78.5,17.08.2011,2063,0,0,0,0,0
1433,THAICOM-A2,1,THA,78.5,17.08.2011,2063,0,0,0,0,0
1551,THAICOM-AK2,1,THA,78.5,17.08.2011,2063,0,0,0,0,0
1373,ALCOMSAT-24.8W,1,ALG,-24.8,31.10.2017,2101,0,0,0,0,0
1137,KOREASAT-113E,1,KOR,113.0,11.11.2004,2114,0,0,0,0,0
1196,KOREASAT-113X,1,KOR,113.0,11.11.2004,2114,0,0,0,0,0
78,COMPASS-80E,2,CHN,80.0,29.08.2019,2115,0,0,0,0,0
916,N-SAT-Y15-132E,2,J,132.0,19.08.2021,2133,0,0,0,0,0
1309,N-STAR-F,1,J,132.0,03.10.2007,2133,0,0,0,0,0
1366,B-SAT-1Z,1,B,-20.0,23.09.2019,2163,0,0,0,0,0
98,B-SAT-1W-2,1,B,-47.5,18.05.2021,2173,0,0,0,0,0
841,COMPASS-58.75E,1,CHN,58.75,16.01.2017,2176,0,0,0,0,0
1428,RASCOM-C,1,CTI,5.5,11.11.2004,2205,0,0,0,0,0
375,N-SAT-Y12-162E,1,J,162.0,08.02.2019,2222,0,0,0,0,0
528,N-SAT-Y15-162E,1,J,162.0,10.12.2021,2222,0,0,0,0,0
646,JMCS-162E,1,J,162.0,14.09.2018,2222,0,0,0,0,0
1328,DFH-4-OA,1,CHN,125.0,29.04.2003,2256,0,0,0,0,0
983,D-STAR-1,1,J,132.0,10.06.2004,2267,0,0,0,0,0
1331,N-STAR-A,2,J,132.0,28.09.1998,2267,0,0,0,0,0
1332,N-STAR-A,3,J,132.0,28.09.1998,2267,0,0,0,0,0
669,G4SAT-134E,1,CHN,134.0,15.05.2018,2283,0,0,0,0,0
1317,STATSIONAR-10A,1,RUS,-170.0,28.09.2005,2330,0,n/a,n/a,n/a,0
1492,NBSAT-21BX_1,1,J,109.85,10.07.2018,2338,0,n/a,n/a,n/a,0
552,CHINASAT-35C,1,CHN,144.5,31.10.2003,2359,0,0,0,0,0
27,P-P-SAT-1,1,ARG,-81.0,25.04.2003,2362,0,0,0,0,0
370,APSTAR-142E,1,CHN,142.0,27.07.2005,2393,0,n/a,n/a,n/a,0
374,NEW DAWN 43,1,PNG,169.0,08.12.2020,2410,0,0,0,0,0
397,CHINASAT-35B,1,CHN,140.4,31.10.2003,2442,0,0,0,0,0
828,PALAPA-C3,3,INS,118.0,14.08.2017,2448,0,0,0,0,0
944,PALAPA-B3,3,INS,118.0,14.08.2017,2448,0,0,0,0,0
929,CHINASAT-44,1,CHN,98.0,18.09.2003,2464,0,0,0,0,0
1252,PALAPA-B3 TT&C,1,INS,118.0,14.08.2017,2464,0,0,0,0,0
1662,DFH-3A-OC,1,CHN,98.0,10.10.2003,2464,0,0,0,0,0
209,INSAT-EHFL-55E,1,IND,55.0,02.05.2022,2465,0,0,0,0,0
584,F-SAT-N-A-25.5E,1,F,25.5,31.01.2019,2465,0,0,0,0,0
696,INSAT-KA55E,1,IND,55.0,04.04.2020,2465,0,0,0,0,0
1291,F-SAT-N3-25.5E,1,F,25.5,14.11.2019,2466,0,0,0,0,0
1327,QATARSAT-G4-25.9E,1,QAT,25.9,13.11.2022,2466,0,0,0,0,0
1525,F-SAT-N5-25.5E,1,F,25.5,25.11.2019,2466,0,0,0,0,0
1647,DFH-3A-OD,1,CHN,130.0,11.11.2003,2470,0,0,0,0,0
96,INSAT-KU12(63)E,1,IND,63.0,02.07.2020,2482,0,0,0,0,0
378,TONGASAT-2/134E,1,TON,134.0,03.05.2009,2495,0,0,0,0,0
558,CHINASAT-134E,1,CHN,134.0,08.07.2005,2495,0,0,0,0,0
832,CHINASAT-D-163E,2,CHN,163.0,25.02.2021,2495,0,0,0,0,0
129,INSAT-KA74E,1,IND,74.0,07.08.2020,2497,0,0,0,0,0
1179,CHINASAT-34B,1,CHN,84.0,31.10.2003,2511,0,0,0,0,0
77,COMPASS-80E,1,CHN,80.0,29.08.2019,2516,0,0,0,0,0
488,KYPROS-SAT-5,2,CYP,39.0,03.10.2019,2522,0,0,0,0,0
677,HELLAS-SAT-2G,1,GRC,39.0,04.10.2019,2522,0,0,0,0,0
1400,KYPROS-SAT-7,1,CYP,39.0,24.11.2022,2522,0,0,0,0,0
729,DFH-5-02B,1,CHN,173.0,11.07.2019,2533,0,0,0,0,0
1522,DFH-5-02A,1,CHN,59.0,17.04.2019,2533,0,0,0,0,0
362,CHINASAT-34A,1,CHN,79.6,31.10.2003,2534,0,0,0,0,0
363,INSAT-KU17(48E),1,IND,48.0,05.04.2022,2557,0,0,0,0,0
1653,PSN-146E,2,INS,146.0,29.06.2022,2565,0,0,0,0,0
1310,ARABSAT 8A-30.5E,1,ARS,30.5,10.04.2019,2616,0,0,0,0,0
71,ARABSAT 8A-30.5E_1,1,ARS,30.5,23.04.2019,2625,0,n/a,n/a,n/a,0
23,TOR-10M,1,RUS,130.0,17.11.2004,2645,0,n/a,n/a,n/a,0
34,TOR-1M,1,RUS,-26.5,17.11.2004,2645,0,n/a,n/a,n/a,0
128,TOR-13M,1,RUS,58.0,17.11.2004,2645,0,n/a,n/a,n/a,0
160,TOR-8M,1,RUS,8.0,17.11.2004,2645,0,n/a,n/a,n/a,0
770,TOR-14M,1,RUS,69.0,17.11.2004,2645,0,n/a,n/a,n/a,0
1012,TOR-7M,1,RUS,24.0,17.11.2004,2645,0,n/a,n/a,n/a,0
1541,TOR-12M,1,RUS,14.0,17.11.2004,2645,0,n/a,n/a,n/a,0
1569,TOR-9M,1,RUS,-25.0,17.11.2004,2645,0,n/a,n/a,n/a,0
1628,TOR-11M,1,RUS,-3.0,17.11.2004,2645,0,n/a,n/a,n/a,0
1188,AMS-CK-17E,1,ISR,17.0,06.11.2017,2648,0,0,0,0,0
518,HISPASAT-10A,1,E,-30.0,06.06.2019,2669,0,n/a,n/a,n/a,0
1299,FY-2AS,1,CHN,105.0,13.09.2004,2673,0,0,0,0,0
1255,EDRS-31.2E,1,F,31.2,13.11.2020,2678,0,0,0,0,0
1083,CHINASAT-45,1,CHN,101.5,31.10.2003,2692,0,0,0,0,0
287,B-SAT-R,1,B,-65.0,29.09.2004,2694,0,n/a,n/a,n/a,0
872,AMS-C8-17E,1,ISR,17.0,16.05.2022,2694,0,0,0,0,0
1115,AMS-B7-13.8E,1,ISR,13.8,29.08.2019,2739,0,0,0,0,0
474,CHINASAT-D-115.5E,3,CHN,115.5,24.03.2021,2741,0,0,0,0,0
1452,EGJAN1A,1,EGY,-7.0,26.08.2019,2750,0,n/a,n/a,n/a,0
308,INSAT-EK83,1,IND,83.0,21.11.2003,2768,0,0,0,0,0
1034,INSAT-EK83R,1,IND,83.0,21.11.2003,2768,0,0,0,0,0
608,KYPROS-SAT-5,1,CYP,39.0,03.10.2019,2788,0,n/a,n/a,n/a,0
1096,F-SAT-N3-25.5E,1,F,25.5,14.11.2019,2830,0,n/a,n/a,n/a,0
120,DFH-5-03A,1,CHN,66.5,07.07.2020,2832,0,0,0,0,0
1086,DFH-5-03B,1,CHN,178.5,07.07.2020,2832,0,0,0,0,0
945,F-SAT-N5-25.5E,3,F,25.5,25.11.2019,2841,0,n/a,n/a,n/a,0
1577,KOREASAT-116,1,KOR,116.0,19.04.2018,2861,0,0,0,0,0
1648,N-SAT-Y15-150E,1,J,150.0,15.03.2021,2863,0,0,0,0,0
213,CHINASAT-D-87.5E,1,CHN,87.5,25.02.2021,2871,0,0,0,0,0
807,CHINASAT-E-87.5E,1,CHN,87.5,28.05.2021,2871,0,0,0,0,0
1225,CHINASAT-E-33.5E,1,CHN,33.5,08.09.2022,2871,0,0,0,0,0
1371,CHINASAT-E-125E,1,CHN,125.0,28.12.2022,2871,0,0,0,0,0
1623,CHINASAT-D-125E,1,CHN,125.0,25.02.2021,2871,0,0,0,0,0
881,EGYCOMM0A,1,EGY,35.5,13.11.2019,2878,0,0,0,0,0
766,F-SAT-N5-7E,2,F,7.0,05.07.2021,2893,0,0,0,0,0
1683,N-SAT-Y15-136E,2,J,136.0,19.08.2021,2927,0,0,0,0,0
686,SYRACUSE-31E,1,F,-5.0,28.09.2006,2941,0,0,0,0,0
803,SYRACUSE-4E,1,F,-5.0,22.03.2012,2941,0,0,0,0,0
1044,PALAPA-C1-B,3,INS,113.0,13.07.2021,2977,0,0,0,0,0
567,F-SAT-N3-16E,1,F,16.0,10.04.2020,2978,0,n/a,n/a,n/a,0
279,INSAT-EK74R,1,IND,74.0,21.11.2003,3007,0,n/a,n/a,n/a,0
307,INSAT-EK48,1,IND,48.0,21.11.2003,3007,0,n/a,n/a,n/a,0
1685,INSAT-EK48R,1,IND,48.0,21.11.2003,3007,0,n/a,n/a,n/a,0
19,SUPERBIRD-A2,1,J,158.0,16.04.2004,3043,0,0,0,0,0
140,SUPERBIRD-A,1,J,158.0,28.09.1998,3043,0,0,0,0,0
141,SUPERBIRD-A,2,J,158.0,28.09.1998,3043,0,0,0,0,0
1010,JMCS-3A,1,J,158.0,30.06.2004,3043,0,0,0,0,0
498,TURKSAT-31E-C,1,TUR,31.0,06.01.2015,3055,0,0,0,0,0
573,TURKSAT-31E-B,1,TUR,31.0,04.06.2014,3055,0,0,0,0,0
267,F-SAT-KU3-E-33E,1,F,33.0,01.02.2010,3062,0,0,0,0,0
298,EUTELSAT 3-21.5E,2,F,21.5,16.04.2002,3062,0,0,0,0,0
1442,EUTELSAT 3-33E,1,F,33.0,22.09.2003,3062,0,0,0,0,0
1542,SYRACUSE-31H,1,F,47.0,28.09.2006,3070,0,0,0,0,0
1649,SYRACUSE-4H,1,F,47.0,22.03.2012,3070,0,0,0,0,0
481,DFH-4-OB,1,CHN,103.0,02.12.2002,3073,0,0,0,0,0
446,SBTS C1,1,B,-70.0,21.08.2003,3099,0,n/a,n/a,n/a,0
1613,N-SAT-127W,1,J,-127.0,31.03.2003,3104,0,0,0,0,0
132,CHNBSAT-K-101.4E,2,CHN,101.4,11.11.2021,3130,0,0,0,0,0
352,CHINASAT-ROUTE8,2,CHN,125.0,18.07.2022,3167,0,0,0,0,0
709,CHINASAT-DL6,2,CHN,125.0,18.07.2022,3167,0,0,0,0,0
801,DRS-90.75E,1,J,90.75,30.11.2021,3211,0,0,0,0,0
487,KYPROS-SAT-5,1,CYP,39.0,03.10.2019,3218,0,0,0,0,0
658,THAICOM-A2B,3,THA,78.5,04.05.2007,3218,0,0,0,0,0
790,KYPROS-SAT-L4,1,CYP,39.0,23.06.2003,3218,0,0,0,0,0
282,INSAT-KU10(111.5)E,1,IND,111.5,19.03.2010,3226,0,0,0,0,0
659,INSAT-EK93.5,1,IND,93.5,21.11.2003,3226,0,0,0,0,0
973,INSAT-EK93.5R,1,IND,93.5,21.11.2003,3226,0,0,0,0,0
305,ASIASAT-AKS,1,CHN,122.0,19.03.2004,3231,0,0,0,0,0
327,ASIASAT-AKZ,1,CHN,122.2,05.12.2011,3231,0,0,0,0,0
377,PAKSAT-MM1-38.2E,1,PAK,38.2,26.03.2018,3231,0,0,0,0,0
763,DFH-5-04A,1,CHN,117.8,11.12.2020,3241,0,0,0,0,0
1395,TURKSAT-31E-F,1,TUR,31.0,07.07.2021,3251,0,0,0,0,0
313,CHINASAT-D-87.5E,1,CHN,87.5,25.02.2021,3299,0,n/a,n/a,n/a,0
1165,CHINASAT-D-125E,1,CHN,125.0,25.02.2021,3299,0,n/a,n/a,n/a,0
465,DEF-R-SAT-5B,1,AUS,68.0,21.05.2021,3303,0,0,0,0,0
583,DEF-R-SAT-6B,1,AUS,95.6,21.05.2021,3303,0,0,0,0,0
792,CHINASAT-D-115.5E,1,CHN,115.5,24.03.2021,3326,0,n/a,n/a,n/a,0
427,PAKSAT-1R,1,PAK,38.0,23.05.2011,3341,0,0,0,0,0
469,INSAT-KA68E,1,IND,68.0,15.04.2021,3341,0,0,0,0,0
1336,PAKSAT-1,1,PAK,38.0,08.03.2003,3341,0,0,0,0,0
569,FY-2C,2,CHN,123.5,12.12.2002,3352,0,0,0,0,0
294,EUTELSAT 3-70.5E,1,F,70.5,15.01.2003,3373,0,0,0,0,0
624,F-SAT-KU3-E-70.5E,1,F,70.5,01.02.2010,3373,0,0,0,0,0
1288,EUTELSAT-E-70.5E,1,F,70.5,15.01.2003,3373,0,0,0,0,0
479,F-MILSATCOM3-45E,1,F,45.0,07.09.2022,3379,0,0,0,0,0
1292,FMS5-45.5E,1,F,45.5,26.02.2020,3379,0,0,0,0,0
1318,FMS5-45E,1,F,45.0,26.02.2020,3379,0,0,0,0,0
1429,FMS5-46E,1,F,46.0,26.02.2020,3379,0,0,0,0,0
1590,F-SAT-N4-139W,1,F,-139.0,18.05.2021,3381,0,n/a,n/a,n/a,0
1123,HISPASAT-2D KU,1,E,-30.0,29.07.2002,3431,0,0,0,0,0
1210,HISPASAT-1D KU,1,E,-30.0,29.01.2004,3431,0,0,0,0,0
1139,N-SAT-90.75E,1,J,90.75,11.11.2012,3434,0,0,0,0,0
104,SYRACUSE-3E,1,F,-5.0,22.01.2002,3441,0,0,0,0,0
1060,SYRACUSE-3H,1,F,47.0,22.01.2002,3441,0,0,0,0,0
592,DRTS-90.75E,1,J,90.75,03.09.2002,3451,0,n/a,n/a,n/a,0
697,F-SAT-N5-48E,1,F,48.0,07.04.2022,3454,0,0,0,0,0
887,HISPASAT-2A KU,1,E,-30.0,22.03.2002,3454,0,0,0,0,0
1009,F-SAT-KU2-E-12.5W,1,F,-12.5,01.02.2010,3457,0,0,0,0,0
1385,EUTELSAT 3-12.5W,1,F,-12.5,20.12.1999,3457,0,0,0,0,0
135,EUTELSAT-KA-36E,1,F,36.0,23.03.2011,3464,0,0,0,0,0
409,EUTELSAT-KA-7E,2,F,7.0,18.10.2004,3464,0,0,0,0,0
557,EUTELSAT 3-13E,1,F,13.0,03.10.2002,3464,0,0,0,0,0
745,F-SAT-N-E-70.5E,1,F,70.5,25.05.2016,3464,0,0,0,0,0
1047,EUTELSAT-KA-16E,1,F,16.0,22.02.2011,3464,0,0,0,0,0
1257,F-SAT-KU-E-7W,1,F,-7.0,19.11.2013,3464,0,0,0,0,0
1390,F-SAT-N-E-33E,1,F,33.0,27.05.2016,3464,0,0,0,0,0
1597,F-SAT-KU2-E-13E,1,F,13.0,01.02.2010,3464,0,0,0,0,0
126,CHNBSAT-K1-101.4E,1,CHN,101.4,11.11.2021,3495,0,0,0,0,0
619,F-SAT-KU-E-5W,1,F,-5.0,22.05.2006,3511,0,0,0,0,0
623,F-SAT-N3-5W,1,F,-5.0,19.05.2020,3511,0,0,0,0,0
768,VIDEOSAT-8-KU-C,1,F,3.0,29.08.2002,3511,0,0,0,0,0
860,TELECOM-3C,1,F,3.0,29.08.2002,3511,0,0,0,0,0
1027,TELECOM-3B,1,F,-5.0,20.11.2002,3511,0,0,0,0,0
1154,VIDEOSAT-7,1,F,-5.0,30.09.1998,3511,0,0,0,0,0
1259,VIDEOSAT-7-KA,1,F,-5.0,20.11.2002,3511,0,0,0,0,0
1595,F-SAT-N-E-5W,1,F,-5.0,27.05.2016,3511,0,0,0,0,0
1598,TELECOM-4B,1,F,-5.0,20.11.2002,3511,0,0,0,0,0
704,INSAT-2T (55),1,IND,55.0,04.07.2002,3512,0,n/a,n/a,n/a,0
640,HELLAS-SAT,1,GRC,39.0,01.07.2002,3515,0,n/a,n/a,n/a,0
158,D-STAR-2,1,J,136.0,07.06.2002,3553,0,0,0,0,0
493,N-STAR-E,1,J,136.0,03.10.2007,3553,0,0,0,0,0
1638,CHNBSAT-K1-101.4E,1,CHN,101.4,11.11.2021,3558,0,n/a,n/a,n/a,0
1643,APSTAR-2,1,CHN,134.0,29.04.2003,3572,0,0,0,0,0
185,TURKSAT-42E-F,2,TUR,42.0,11.03.2022,3596,0,0,0,0,0
1666,DFH-5-04B,1,CHN,120.0,11.12.2020,3599,0,0,0,0,0
18,QATARSAT-G3-24,1,QAT,99.0,20.01.2022,3628,0,n/a,n/a,n/a,0
838,JCSAT-2R,1,J,154.0,22.03.2002,3636,0,0,0,0,0
992,N-SAT-Y12-136E,2,J,136.0,25.02.2019,3636,0,0,0,0,0
1616,JCSAT-FO-154E,1,J,154.0,26.12.2005,3636,0,0,0,0,0
1224,INSAT-EK74,1,IND,74.0,21.11.2003,3673,0,0,0,0,0
354,CHINASAT-ROUTE8,4,CHN,125.0,18.07.2022,3684,0,0,0,0,0
711,CHINASAT-DL6,4,CHN,125.0,18.07.2022,3684,0,0,0,0,0
1372,CHINASAT-E-125E,2,CHN,125.0,28.12.2022,3684,0,0,0,0,0
1411,QZSS-GS-A1,1,J,90.5,21.07.2022,3692,0,0,0,0,0
415,AUSSAT C 156E GOV,1,AUS,156.0,25.02.2000,3697,0,0,0,0,0
500,AUSSAT B 156E S,1,AUS,156.0,04.12.2014,3697,0,0,0,0,0
576,AUSSAT C 156E FSS,1,AUS,156.0,25.02.2000,3697,0,0,0,0,0
578,ADF 156E GOV,1,AUS,156.0,22.07.2008,3697,0,0,0,0,0
1581,AUSSAT C 156E GOVR,1,AUS,156.0,06.12.2012,3697,0,0,0,0,0
821,EGY-N-SAT,1,EGY,-7.0,15.03.2022,3774,0,0,0,0,0
508,INSAT-2(55),1,IND,55.0,26.09.2001,3793,0,n/a,n/a,n/a,0
286,F-SAT-N3-12.5W,1,F,-12.5,19.05.2020,3794,0,0,0,0,0
323,F-SAT-KU-E-8W,1,F,-8.0,28.04.2015,3794,0,0,0,0,0
960,VIDEOSAT-6-KA,1,F,-8.0,04.06.2003,3794,0,0,0,0,0
961,VIDEOSAT-6-KA,2,F,-8.0,04.06.2003,3794,0,0,0,0,0
977,F-SAT-N-E-12.5W,1,F,-12.5,26.05.2016,3794,0,0,0,0,0
1051,F-SAT-N-E-8W,2,F,-8.0,27.05.2016,3794,0,0,0,0,0
1256,VIDEOSAT-6,1,F,-8.0,28.11.2001,3794,0,0,0,0,0
407,MEASAT-1B,1,MLA,91.5,31.05.2022,3796,0,0,0,0,0
442,MEASAT-1,4,MLA,91.5,31.05.2022,3796,0,0,0,0,0
544,MEASAT-1C,1,MLA,91.5,31.05.2022,3796,0,0,0,0,0
903,MEASAT-91.5E,1,MLA,91.5,31.05.2022,3796,0,0,0,0,0
997,MEASAT-AK 91.5,4,MLA,91.5,31.05.2022,3796,0,0,0,0,0
1341,MEASAT-1A,5,MLA,91.5,31.05.2022,3796,0,0,0,0,0
1399,MEASAT-1R,2,MLA,91.5,31.05.2022,3796,0,0,0,0,0
1437,MEASAT-IC 91.5,1,MLA,91.5,31.05.2022,3796,0,0,0,0,0
1454,BSAT-109.85,1,J,109.85,29.05.2001,3853,0,0,0,0,0
715,CHINASAT-E-33.5E,1,CHN,33.5,08.09.2022,3859,0,n/a,n/a,n/a,0
1205,CHINASAT-E-113E,1,CHN,113.0,08.09.2022,3859,0,n/a,n/a,n/a,0
418,CHINASAT-E-163E,1,CHN,163.0,20.09.2022,3927,0,0,0,0,0
402,CHINASAT-E-85.5E,1,CHN,85.5,24.11.2022,3936,0,n/a,n/a,n/a,0
353,CHINASAT-ROUTE8,3,CHN,125.0,18.07.2022,3973,0,0,0,0,0
710,CHINASAT-DL6,3,CHN,125.0,18.07.2022,3973,0,0,0,0,0
1444,DFS II-2,1,D,28.5,07.12.2000,3991,0,0,0,0,0
1059,BSAT-110,2,J,110.0,30.06.1998,3994,0,0,0,0,0
180,F-SAT-N4-133W,1,F,-133.0,30.04.2021,3995,0,0,0,0,0
1391,F-SAT-N-E-33E,2,F,33.0,27.05.2016,3995,0,0,0,0,0
629,TONGASAT-H70,1,TON,70.0,10.01.2001,4052,0,n/a,n/a,n/a,0
1493,NUSANTARA-H1-A,1,INS,116.1,21.03.2023,4053,0,n/a,n/a,n/a,0
1533,NUSANTARA-H1-A,1,INS,116.1,21.03.2023,4074,0,0,0,0,0
1190,TONGASAT C/KU-2,1,TON,134.0,17.11.2000,4106,0,n/a,n/a,n/a,0
1579,H2M-0.5E,1,D,0.5,29.10.2022,4139,0,0,0,0,0
235,STATSIONAR-21,1,RUS,103.0,09.10.2000,4145,0,n/a,n/a,n/a,0
361,STATSIONAR-6,2,RUS,90.0,09.10.2000,4145,0,n/a,n/a,n/a,0
679,LOUTCH-3,1,RUS,90.0,09.10.2000,4145,0,n/a,n/a,n/a,0
226,N-SAT-110,1,J,110.0,02.05.2000,4169,0,0,0,0,0
935,N-SAT-Y12-110E,1,J,110.0,26.06.2017,4169,0,0,0,0,0
1244,JMCS-2,1,J,110.0,30.10.2000,4169,0,0,0,0,0
1393,N-SAT-110E,1,J,110.0,02.05.2000,4169,0,0,0,0,0
1568,JMCS-D2-X,1,J,110.0,17.01.2013,4169,0,0,0,0,0
175,TURKSAT-42E-A,2,TUR,42.0,12.01.2009,4177,0,0,0,0,0
876,TURKSAT-42E-B,3,TUR,42.0,19.06.2014,4177,0,0,0,0,0
938,TURKSAT-KX,1,TUR,42.0,25.04.2000,4177,0,0,0,0,0
428,EUTELSAT 3-10E,1,F,10.0,16.04.2002,4178,0,0,0,0,0
1494,F-SAT-KU2-E-10E,1,F,10.0,01.02.2010,4178,0,0,0,0,0
252,SBTS B4,1,B,-92.0,28.09.1998,4198,0,0,0,0,0
532,EXPRESS-8,1,RUS,96.5,25.07.2000,4221,0,n/a,n/a,n/a,0
1379,AMS-C8-113E,1,ISR,113.0,16.05.2022,4241,0,0,0,0,0
205,FY-2CS,1,CHN,123.5,13.09.2004,4260,0,0,0,0,0
435,EXPRESS-9,2,RUS,103.0,16.06.2000,4260,0,n/a,n/a,n/a,0
568,FY-2C,1,CHN,123.5,12.12.2002,4260,0,0,0,0,0
1528,NUSANTARA-PE1-A,2,INS,146.0,13.07.2021,4261,0,0,0,0,0
1607,AGILA-A1,1,PHL,153.0,28.01.1999,4268,0,0,0,0,0
1599,CHINASAT-4,1,CHN,130.0,21.05.1998,4272,0,0,0,0,0
459,F-SAT-N3-48E,1,F,48.0,19.06.2019,4283,0,0,0,0,0
1587,CHINASAT-33,1,CHN,110.5,13.05.1998,4286,0,0,0,0,0
475,CHINASAT-D-115.5E,4,CHN,115.5,24.03.2021,4299,0,0,0,0,0
1518,EXPRESS-10,1,RUS,140.0,27.04.2000,4310,0,n/a,n/a,n/a,0
1626,EXPRESS-11,1,RUS,145.0,27.04.2000,4310,0,n/a,n/a,n/a,0
1230,ASIABSS,1,AUS,105.0,15.02.2001,4347,0,0,0,0,0
490,KYPROS-SAT-5,4,CYP,39.0,03.10.2019,4366,0,0,0,0,0
1192,INSAT-2M (83),1,IND,83.0,26.09.2001,4382,0,0,0,0,0
1516,INSAT-2K (83),1,IND,83.0,10.08.2000,4382,0,0,0,0,0
1350,EXPRESS-3,1,RUS,-11.0,09.02.2000,4388,0,n/a,n/a,n/a,0
1356,EXPRESS-4,1,RUS,40.0,09.02.2000,4388,0,n/a,n/a,n/a,0
1470,EXPRESS-5,1,RUS,53.0,09.02.2000,4388,0,n/a,n/a,n/a,0
668,HISPASAT-2B KU,1,E,-30.0,09.07.1999,4397,0,0,0,0,0
1300,B-SAT-2N,1,B,-84.0,06.10.2016,4397,0,0,0,0,0
1417,HISPASAT-2C3 KU,1,E,-30.0,09.07.1999,4397,0,0,0,0,0
1418,HISPASAT-2C3 KU,2,E,-30.0,09.07.1999,4397,0,0,0,0,0
95,SUPERBIRD-B2,1,J,162.0,03.07.2001,4413,0,0,0,0,0
149,JMCS-3B,1,J,162.0,23.04.2001,4413,0,0,0,0,0
239,N-SAT2-162E,1,J,162.0,17.02.2016,4413,0,0,0,0,0
423,SUPERBIRD-B2-KA,1,J,162.0,03.07.2001,4413,0,0,0,0,0
593,SUPERBIRD-B2-R,1,J,162.0,27.12.2005,4413,0,0,0,0,0
1227,JMCS-B4-X,1,J,162.0,17.01.2013,4413,0,0,0,0,0
900,SICRAL-2A,1,I,16.2,07.10.1998,4424,0,0,0,0,0
1042,PALAPA-C1-B,1,INS,113.0,13.07.2021,4429,0,0,0,0,0
1071,PALAPA-B2,1,INS,113.0,13.07.2021,4429,0,0,0,0,0
1087,PALAPA-C1-K,1,INS,113.0,13.07.2021,4429,0,0,0,0,0
1536,PALAPA-C1,1,INS,113.0,13.07.2021,4429,0,0,0,0,0
399,FY-2B,1,CHN,86.5,13.05.1998,4442,0,0,0,0,0
1660,CHINASAT-32,1,CHN,140.0,13.05.1998,4468,0,0,0,0,0
265,INFOSAT-C,1,KOR,116.0,09.06.2015,4546,0,0,0,0,0
372,INFOSAT-B,1,KOR,113.0,11.11.2004,4546,0,0,0,0,0
824,KOREASAT-1,1,KOR,116.0,30.09.1999,4546,0,0,0,0,0
825,KOREASAT-1,2,KOR,116.0,30.09.1999,4546,0,0,0,0,0
1125,PACIFISAT-9,1,PNG,116.1,18.12.2013,4546,0,0,0,0,0
1534,NUSANTARA-H1-A,2,INS,116.1,21.03.2023,4546,0,0,0,0,0
1584,PACIFISAT-116.1E,1,PNG,116.1,04.06.2020,4546,0,0,0,0,0
134,PALAPA-B1,2,INS,108.0,05.11.2012,4580,0,0,0,0,0
280,TELKOM-108E,1,INS,108.0,25.01.2017,4580,0,0,0,0,0
718,PALAPA-C2,1,INS,108.0,14.04.2003,4580,0,0,0,0,0
556,EXPRESS-6,1,RUS,80.0,27.07.1999,4585,0,n/a,n/a,n/a,0
1482,EXPRESS-2,2,RUS,-14.0,27.07.1999,4585,0,n/a,n/a,n/a,0
1544,VOLNA-19,1,RUS,70.0,27.07.1999,4585,0,n/a,n/a,n/a,0
926,GARUDA-2,2,INS,123.0,20.11.2020,4605,0,0,0,0,0
39,CHINASAT-22,1,CHN,98.0,13.05.1998,4612,0,0,0,0,0
1204,NEW DAWN 47,1,PNG,157.0,19.08.2021,4627,0,0,0,0,0
219,INSAT-2E83,1,IND,83.0,31.05.1999,4656,0,0,0,0,0
218,EUTELSAT 3-25.5E,2,F,25.5,18.03.2003,4691,0,0,0,0,0
1420,EUTELSAT 3-7E,1,F,7.0,16.04.2002,4691,0,0,0,0,0
333,ASIASAT-AK1,1,CHN,122.0,04.02.1999,4758,0,n/a,n/a,n/a,0
1136,ASIASAT-AKX,1,CHN,122.0,04.02.1999,4758,0,n/a,n/a,n/a,0
509,PALAPA-B1-EC,1,INS,108.0,24.06.1998,4778,0,0,0,0,0
199,JCSAT-3B,2,J,124.0,28.09.1998,4792,0,0,0,0,0
782,SJC-1,2,J,124.0,28.09.1998,4792,0,0,0,0,0
1092,JCSAT-FO-124E,1,J,124.0,26.12.2005,4792,0,0,0,0,0
1547,N-SAT-82E,1,J,82.0,19.04.2013,4792,0,0,0,0,0
217,EUTELSAT 3-25.5E,1,F,25.5,18.03.2003,4876,0,0,0,0,0
484,F-SAT-KU3-E-25.5E,1,F,25.5,01.02.2010,4876,0,0,0,0,0
795,F-SAT-KU2-E-16E,1,F,16.0,01.02.2010,4880,0,0,0,0,0
1397,EUTELSAT 3-16E,1,F,16.0,16.04.2002,4880,0,0,0,0,0
742,ST-1A,1,SNG,88.0,23.11.2000,4921,0,0,0,0,0
990,ST-1A-CK,1,SNG,88.0,19.12.2014,4921,0,0,0,0,0
1519,APSTAR-142E-R,1,CHN,142.0,12.05.2014,4921,0,0,0,0,0
351,CHINASAT-ROUTE8,1,CHN,125.0,18.07.2022,4940,0,0,0,0,0
1571,DFH-3A-OB,1,CHN,110.5,29.04.2003,4959,0,0,0,0,0
12,ASIASAT-A,1,CHN,122.0,04.06.1998,5003,0,n/a,n/a,n/a,0
685,ASIASAT-AK,2,CHN,122.0,04.06.1998,5003,0,n/a,n/a,n/a,0
728,CHINASAT-6,1,CHN,110.5,21.04.1998,5006,0,0,0,0,0
1520,APSTAR-142E-R,2,CHN,142.0,12.05.2014,5008,0,0,0,0,0
1153,DFH-3-OD,1,CHN,115.5,21.04.1998,5047,0,n/a,n/a,n/a,0
44,EUTELSAT-B1-16E,1,F,16.0,22.02.2011,5100,0,0,0,0,0
976,EUTELSAT-B1-13E,2,F,13.0,14.04.2003,5100,0,0,0,0,0
936,B-SAT P,1,B,-84.0,28.09.1998,5128,0,0,0,0,0
731,JCSAT-1R,2,J,150.0,28.09.1998,5187,0,0,0,0,0
866,JCSAT-FO-150E,1,J,150.0,26.12.2005,5187,0,0,0,0,0
161,SIRIUS-2,1,S,4.8,30.06.1998,5207,0,0,0,0,0
920,CHINASAT-C20,1,CHN,126.0,31.05.2019,5249,0,0,0,0,0
1066,CHINASAT-CL11,2,CHN,163.0,01.06.2017,5249,0,0,0,0,0
1138,DFH-3-OC,1,CHN,87.5,21.04.1998,5249,0,0,0,0,0
970,SIRIUS-5E,2,S,5.0,17.12.2010,5279,0,0,0,0,0
303,JMCS-1,1,J,144.0,30.06.1998,5314,0,0,0,0,0
701,JMCS-1R,1,J,144.0,09.08.2005,5314,0,0,0,0,0
726,N-SAT-143.72E,1,J,143.72,16.12.2009,5325,0,0,0,0,0
890,SUPERBIRD-C,1,J,144.0,28.09.1998,5325,0,0,0,0,0
891,JMCS-93E,1,J,93.0,25.12.2012,5325,0,0,0,0,0
1176,N-SAT-146,1,J,144.0,28.09.1998,5325,0,0,0,0,0
1483,N-SAT-93E,1,J,93.0,20.11.2012,5325,0,0,0,0,0
1495,SUPERBIRD-C2,1,J,144.0,27.12.2005,5325,0,0,0,0,0
1362,FY-2A,1,CHN,105.0,13.05.1998,5362,0,0,0,0,0
41,INSAT-2M (74),1,IND,74.0,26.09.2001,5368,0,0,0,0,0
123,INSAT-2T (74),1,IND,74.0,26.09.2001,5368,0,0,0,0,0
579,INSAT-2K (74),1,IND,74.0,06.11.2000,5368,0,0,0,0,0
364,DEF-R-SAT-4B 121.0E,1,AUS,121.0,01.06.2004,5376,0,0,0,0,0
545,DEF-R-SAT-3A,1,AUS,93.0,21.12.1998,5376,0,0,0,0,0
1114,DEF-R-SAT-2A,1,AUS,72.0,21.12.1998,5376,0,0,0,0,0
1214,DEF-R-SAT-1A,1,AUS,82.0,21.12.1998,5376,0,0,0,0,0
328,DFH-3-OA,1,CHN,125.0,21.04.1998,5391,0,0,0,0,0
1058,BSAT-110,1,J,110.0,30.06.1998,5416,0,0,0,0,0
1403,FY-2BS,1,CHN,86.5,13.09.2004,5446,0,0,0,0,0
198,JCSAT-3B,1,J,124.0,28.09.1998,5475,0,0,0,0,0
730,JCSAT-1R,1,J,150.0,28.09.1998,5475,0,0,0,0,0
781,SJC-1,1,J,124.0,28.09.1998,5475,0,0,0,0,0
884,JCSAT-FO-136E,1,J,136.0,19.11.2004,5475,0,0,0,0,0
1134,NEW DAWN 23,1,PNG,64.0,17.06.2016,5475,0,0,0,0,0
1242,JCSAT-T-127.5E,1,J,127.5,28.04.2009,5475,0,0,0,0,0
1268,NEW DAWN 22,1,PNG,62.0,26.04.2016,5475,0,0,0,0,0
1269,NEW DAWN 22,2,PNG,62.0,26.04.2016,5475,0,0,0,0,0
1330,N-STAR-A,1,J,132.0,28.09.1998,5475,0,0,0,0,0
1351,N-STAR-B2,1,J,136.0,14.11.2003,5475,0,0,0,0,0
1455,N-STAR-A2,1,J,132.0,14.11.2003,5475,0,0,0,0,0
1603,JCSAT-FO-132E,1,J,132.0,19.11.2004,5475,0,0,0,0,0
64,METEOSAT IODC_57.5E,1,D,57.5,29.01.2014,5483,0,0,0,0,0
1549,NAHUEL-C,1,ARG,-72.0,07.01.2015,5513,0,0,0,0,0
1297,ARABSAT 2-B,3,ARS,26.0,21.09.1998,5571,0,0,0,0,0
684,TELECOM-2B,2,F,-5.0,30.09.1998,5668,0,0,0,0,0
812,TELECOM-4A,1,F,-8.0,18.01.2008,5668,0,0,0,0,0
1155,VIDEOSAT-7,2,F,-5.0,30.09.1998,5668,0,0,0,0,0
783,CHINASAT-31,1,CHN,80.0,13.05.1998,5686,0,0,0,0,0
454,ARABSAT 2-A,1,ARS,30.5,07.04.2010,5698,0,0,0,0,0
1024,CHINASAT-51.5E,1,CHN,51.5,20.10.2010,5705,0,0,0,0,0
145,EUROPESTAR-47.5E,3,D,47.5,26.03.2013,5722,0,0,0,0,0
641,AMOS 1-B,1,ISR,-4.0,10.03.2004,5729,0,0,0,0,0
642,AMOS 1-B,2,ISR,-4.0,10.03.2004,5729,0,0,0,0,0
1287,TONGASAT AP-2,1,TON,134.0,30.09.1998,5744,0,0,0,0,0
300,MEASAT-IK 91.5E,2,MLA,91.5,28.07.1999,5828,0,0,0,0,0
441,MEASAT-1,3,MLA,91.5,31.05.2022,5828,0,0,0,0,0
998,MEASAT-AK 91.5,5,MLA,91.5,31.05.2022,5828,0,0,0,0,0
1265,MEASAT-IC 91.5,2,MLA,91.5,28.07.1999,5828,0,0,0,0,0
1456,N-STAR-A2,2,J,132.0,14.11.2003,5853,0,0,0,0,0
1604,JCSAT-FO-132E,2,J,132.0,19.11.2004,5853,0,0,0,0,0
260,TURKSAT-C50E,1,TUR,50.0,13.01.2005,5858,0,0,0,0,0
561,TURKSAT-1C,1,TUR,50.0,13.01.2005,5858,0,0,0,0,0
809,PALAPA-C4,2,INS,150.5,08.03.2017,5858,0,0,0,0,0
911,TURKSAT-K3,1,TUR,50.0,13.01.2005,5858,0,0,0,0,0
1345,PALAPA-C4-A,2,INS,150.5,08.03.2017,5858,0,0,0,0,0
1275,DFH-3-OB,1,CHN,103.0,21.05.1998,5870,0,0,0,0,0
1592,KOREASAT-2,1,KOR,113.0,30.09.1999,5875,0,0,0,0,0
1593,KOREASAT-2,2,KOR,113.0,30.09.1999,5875,0,0,0,0,0
7,GEOSAT-3E,1,F,3.0,28.04.2015,5914,0,0,0,0,0
761,TELECOM-2C,2,F,3.0,30.09.1998,5914,0,0,0,0,0
1524,TELECOM-4C,1,F,3.0,18.01.2008,5914,0,0,0,0,0
67,THAICOM-A3,1,THA,120.0,11.01.2012,5922,0,0,0,0,0
266,ASIASAT-EK1,1,CHN,100.5,04.06.1998,5922,0,0,0,0,0
292,ASIASAT-EKS,1,CHN,100.5,19.03.2004,5922,0,0,0,0,0
895,THAICOM-N3,1,THA,120.0,11.01.2012,5922,0,0,0,0,0
1005,THAICOM-A3B,1,THA,120.0,11.01.2012,5922,0,0,0,0,0
1197,ASIASAT-EKX,1,CHN,100.5,19.03.2004,5922,0,0,0,0,0
971,SIRIUS-5E,3,S,5.0,17.12.2010,5962,0,0,0,0,0
1641,SIRIUS-5E-2,3,S,5.0,31.01.2013,5962,0,0,0,0,0
53,INSAT-2T (93.5),1,IND,93.5,26.09.2001,5980,0,0,0,0,0
1070,INSAT-2M (93.5),1,IND,93.5,26.09.2001,5980,0,0,0,0,0
1323,INSAT-2K (93.5),1,IND,93.5,06.11.2000,5980,0,0,0,0,0
1326,INSAT-2T (48),1,IND,48.0,04.07.2002,5980,0,0,0,0,0
1464,INSAT-2M (48),1,IND,48.0,04.07.2002,5980,0,0,0,0,0
1515,INSAT-2(48),2,IND,48.0,07.06.2001,5980,0,0,0,0,0
204,N-SAT-128,1,J,128.0,28.09.1998,6013,0,0,0,0,0
359,JCSAT-FO-128E,1,J,128.0,26.12.2005,6013,0,0,0,0,0
885,JCSAT-FO-136E,2,J,136.0,19.11.2004,6013,0,0,0,0,0
1025,JCSAT-3A,1,J,128.0,28.09.1998,6013,0,0,0,0,0
1352,N-STAR-B2,2,J,136.0,14.11.2003,6013,0,0,0,0,0
453,TURKSAT-50E-B,2,TUR,50.0,22.02.2014,6117,0,0,0,0,0
562,TURKSAT-1C,2,TUR,50.0,13.01.2005,6117,0,0,0,0,0
912,TURKSAT-K3,2,TUR,50.0,13.01.2005,6117,0,0,0,0,0
371,SBTS B2,1,B,-65.0,28.09.1998,6248,0,0,0,0,0
585,B-SAT-1J,1,B,-68.0,30.09.2010,6248,0,0,0,0,0
672,SISCOMIS-2,1,B,-65.0,28.09.1998,6248,0,0,0,0,0
470,B-SAT-2J,1,B,-68.0,04.10.2016,6253,0,0,0,0,0
1072,PALAPA-B2,2,INS,113.0,13.07.2021,6257,0,0,0,0,0
165,THAICOM-A2,1,THA,78.5,17.08.1998,6354,0,0,0,0,0
1170,THAICOM-AK2,1,THA,78.5,17.08.1998,6354,0,0,0,0,0
1118,TONGASAT C/KU-3,1,TON,138.0,17.12.1999,6458,0,0,0,0,0
1432,TONGASAT AP-3,1,TON,138.0,30.09.1998,6458,0,0,0,0,0
344,B-SAT-S,1,B,-75.0,29.09.2004,6529,0,0,0,0,0
744,SISCOMIS-3,1,B,-70.0,28.09.1998,6529,0,0,0,0,0
776,SISCOMIS-4,1,B,-75.0,12.03.2008,6529,0,0,0,0,0
1209,SBTS B1,1,B,-70.0,28.09.1998,6529,0,0,0,0,0
86,SATCOM-4/20.2W,1,BEL,-20.2,03.04.2000,6642,0,0,0,0,0
928,THAICOM-IP1,1,THA,119.5,23.12.2009,6648,0,0,0,0,0
949,INSAT-2(83),1,IND,83.0,08.12.2010,6779,0,0,0,0,0
1669,INSAT-2(93.5),1,IND,93.5,06.11.2000,6779,0,0,0,0,0
186,SIRIUS-P,1,S,5.0,30.04.2007,6861,0,0,0,0,0
187,SIRIUS-P,2,S,5.0,30.04.2007,6861,0,0,0,0,0
540,DFS II-1,2,D,23.5,02.09.2004,6861,0,0,0,0,0
1236,SUPERBIRD-A2-R,2,J,158.0,16.12.2009,6969,0,0,0,0,0
112,TURKSAT-K1,1,TUR,31.0,23.09.1998,7009,0,0,0,0,0
406,TURKSAT-1B,1,TUR,31.0,23.09.1998,7009,0,0,0,0,0
167,HISPASAT-1,1,E,-30.0,31.03.2015,7096,0,0,0,0,0
295,INSAT-2(74),1,IND,74.0,06.11.2000,7157,0,0,0,0,0
1514,INSAT-2(48),1,IND,48.0,07.06.2001,7157,0,0,0,0,0
1248,EUTELSAT 1-3,1,F,7.0,14.11.2000,7159,0,0,0,0,0
1526,EUTELSAT 2-7E,1,F,7.0,30.09.1998,7159,0,0,0,0,0
550,TURKSAT-1D,1,TUR,42.0,23.09.1998,7192,0,0,0,0,0
574,TURKSAT-31E-B,2,TUR,31.0,04.06.2014,7192,0,0,0,0,0
1082,TURKSAT-K2,1,TUR,42.0,23.09.1998,7192,0,0,0,0,0
1370,TURKSAT-1A,1,TUR,42.0,23.09.1998,7192,0,0,0,0,0
1406,TURKSAT-31E-A,2,TUR,31.0,12.01.2009,7192,0,0,0,0,0
683,TELECOM-2B,1,F,-5.0,30.09.1998,7244,0,0,0,0,0
1053,INSAT-2E93.5,1,IND,93.5,19.04.2004,7258,0,0,0,0,0
1131,INSAT-2E74,1,IND,74.0,19.04.2004,7258,0,0,0,0,0
826,PALAPA-C3,1,INS,118.0,14.08.2017,7273,0,0,0,0,0
942,PALAPA-B3,1,INS,118.0,14.08.2017,7273,0,0,0,0,0
168,TELECOM-3A,1,F,-8.0,03.02.2003,7365,0,0,0,0,0
1580,TELECOM-2A,1,F,-8.0,30.09.1998,7365,0,0,0,0,0
297,EUTELSAT 3-21.5E,1,F,21.5,16.04.2002,7374,0,0,0,0,0
673,EUTELSAT 2-21.5E,1,F,21.5,29.02.2000,7374,0,0,0,0,0
1490,EUTELSAT 2-16E,1,F,16.0,30.09.1998,7374,0,0,0,0,0
853,SIMON BOLIVAR 2,1,CLM,-67.0,19.11.2004,7446,0,0,0,0,0
463,EUTELSAT 2-10E,1,F,10.0,30.09.1998,7700,0,0,0,0,0
1386,EUTELSAT 3-12.5W,2,F,-12.5,20.12.1999,7700,0,0,0,0,0
580,EUTELSAT 2-13E,1,F,13.0,30.09.1998,7838,0,0,0,0,0
1434,DFS-2,1,D,28.5,03.11.2000,7875,0,0,0,0,0
48,ASIASAT-1,2,CHN,105.5,04.06.1998,7983,0,0,0,0,0
133,PALAPA-B1,1,INS,108.0,05.11.2012,8003,0,0,0,0,0
1594,CHINASAT-3,1,CHN,98.0,21.05.1998,8042,0,0,0,0,0
835,JCSAT-2,1,J,154.0,28.09.1998,8079,0,0,0,0,0
526,DFS-1,1,D,23.5,03.11.2000,8289,0,0,0,0,0
401,TELE-X,1,S,5.0,11.09.1998,8353,0,0,0,0,0
1631,JCSAT-1,1,J,150.0,28.09.1998,8380,0,0,0,0,0
1535,CHINASAT-2,1,CHN,110.5,21.05.1998,8431,0,0,0,0,0
155,SIRIUS-3B,1,S,5.0,19.11.2004,8465,0,0,0,0,0
1132,EUTELSAT 1-5,1,F,21.5,30.09.1998,8608,0,0,0,0,0
760,TELECOM-2C,1,F,3.0,30.09.1998,8740,0,0,0,0,0
717,CHINASAT-1,1,CHN,87.5,21.05.1998,8805,0,0,0,0,0
245,EUTELSAT 1-8,1,F,25.5,30.09.1998,8917,0,0,0,0,0
674,EUTELSAT 2-21.5E,2,F,21.5,29.02.2000,8917,0,0,0,0,0
1425,EUTELSAT 2-33E,1,F,33.0,21.03.2000,8917,0,0,0,0,0
253,SBTS B4,2,B,-92.0,28.09.1998,9479,0,0,0,0,0
957,STW-2,1,CHN,103.0,21.05.1998,9537,0,0,0,0,0
947,ARABSAT 1-B,2,ARS,26.0,28.06.2010,9737,0,0,0,0,0
191,B-SAT I,1,B,-63.0,14.11.2002,9803,0,0,0,0,0
271,SBTS B3,2,B,-61.0,09.04.2010,9876,0,0,0,0,0
1402,SATCOM-4/10E,1,BEL,10.0,04.02.2000,9954,0,0,0,0,0
32,STW-1,1,CHN,125.0,14.11.2000,10217,0,0,0,0,0
1663,INSAT-1B,1,IND,74.0,06.11.2000,10395,0,0,0,0,0
521,EUTELSAT 2-36E,2,F,36.0,30.09.1998,10470,0,0,0,0,0
